-3.287475843183120787e+02
-3.255975218773949678e+02
-4.167018993273125034e+02
-4.290857124203147919e+02
-5.186113741291765109e+02
1.612498455954197993e+02
7.819937474211178596e+02
6.821880946652344164e+02
4.859421008100003405e+02
2.059804904720919012e+02
-1.274846569580119038e+01
-1.050722256428099399e+02
-1.037084688393042597e+02
-2.040306755796092375e+02
-2.867013637940153217e+02
-3.757426229590086564e+02
-4.776580554965325405e+02
-5.833393983728057037e+02
-2.686364049197893067e+01
7.182601625576853621e+02
6.703495475129360557e+02
5.618135595901317174e+02
2.681474504705442996e+02
6.581679889383484294e+01
1.143469651980989887e+01
9.019366578340530793e+00
-1.169857712528553719e+02
-1.746754773053523024e+02
-3.104042349258825197e+02
-4.286569322744805959e+02
-5.274387832682477892e+02
-3.128281241596475297e+02
5.055983445426461458e+02
7.647654327911359360e+02
5.400124604629693295e+02
2.739141175388565443e+02
-3.971077979948427128e+01
-1.042759700043131801e+02
-2.225898541599237603e+02
-1.894979776553927309e+02
-2.960326564197177959e+02
-4.174522614633014541e+02
-5.498312959422179347e+02
-1.898853142177486006e+02
6.133298428830213425e+02
7.615042650841576233e+02
5.738040594146509648e+02
3.495496139828659352e+02
-1.866673143465109419e+01
-2.362725827910356315e+02
-2.554134803633104980e+02
-2.888069091833830271e+02
-4.330634447587929685e+02
-5.174169479469655926e+02
-6.028966651361942013e+02
-2.293298937044063166e+02
6.542486999008749535e+02
7.617860021320550459e+02
5.914289640998470077e+02
2.808871909876422706e+02
3.142934225307137908e+01
-1.562673793634490664e+02
-1.921446706218199836e+02
-2.823505462213754527e+02
-3.763906651116042212e+02
-5.011111723908235263e+02
-5.471948340171977634e+02
-5.541021547688197870e+02
2.161375703249982791e+02
6.749418199180925058e+02
6.024672638557835853e+02
4.676687634404005962e+02
1.364781759288985086e+02
-1.038452746521363679e+02
-1.498679243560203247e+02
-2.434764087931731069e+02
-2.669343718237284406e+02
-3.470466066851378173e+02
-4.643931870928606713e+02
-5.780617897819064410e+02
-3.424945222181743816e+02
5.424037903213321670e+02
7.057493153699592767e+02
5.906307313041793350e+02
3.259163261213189458e+02
3.577959934369381045e+01
-1.026475031851372250e+02
-1.396306388050995508e+02
-2.338831954161886983e+02
-3.088334865562090954e+02
-4.108124937926382358e+02
-4.367562885747481687e+02
-5.874717675945609017e+02
-3.972111964345394597e+01
7.119374918588188166e+02
7.407720694353564568e+02
5.250907869799666514e+02
2.648004687362072787e+02
5.804365504135376774e+00
-3.455666681850943434e+01
-1.031259464764246019e+02
-2.090518108262521935e+02
-3.079069358960151135e+02
-3.868235052422164699e+02
-4.213361531798818760e+02
-5.037940607004935032e+02
1.464109985406953456e+02
7.252958784570232638e+02
7.078120554166981719e+02
5.463091000929441634e+02
2.738169815923708370e+02
2.593399211911112001e+00
-7.087022369489453411e+01
-9.933349980705848736e+01
-1.602707177835895038e+02
-2.192933691539624022e+02
-3.632252219606809831e+02
-4.254253037662847987e+02
-5.407083169237087077e+02
1.880727049999308349e+02
7.047365314876013827e+02
5.909361845850924055e+02
4.121594863091170282e+02
1.815897305603289453e+02
-1.703152177582942528e+01
-1.071100817580457658e+02
-2.153445408774591385e+02
-2.489443260311116717e+02
-3.441115125726969950e+02
-5.187104531948392605e+02
-4.989887994746299000e+02
3.599090976038791041e+02
7.359598982281995632e+02
6.621816163376512350e+02
4.540740685397002494e+02
1.329648582035105449e+02
-9.885818968228544179e+01
-2.042542594006743002e+02
-2.908203017041832368e+02
-3.619121497685160307e+02
-4.452265373199592773e+02
-4.949245646336514142e+02
-5.552381236338343342e+02
1.933070795379769606e+02
6.932607419009731302e+02
6.345825670128538150e+02
4.983262919183100621e+02
1.431378869561532383e+02
-5.024916203883699950e+01
-1.737839697997453925e+02
-2.323190073584373465e+02
-3.396571916397762720e+02
-4.272985822765332387e+02
-4.811489562770124735e+02
-6.129267443055251761e+02
-2.902858944245582862e+01
6.877573759380529737e+02
6.727325497773504139e+02
4.852684973997955353e+02
1.122314227126606454e+02
-7.613491227113387083e+01
-1.534480059500234006e+02
-2.279052792674227987e+02
-2.653785132227801569e+02
-4.012301366529652000e+02
-4.846106348605612766e+02
-5.479686122765372147e+02
-1.260173727419196155e+01
6.679728482383967503e+02
6.399153522293404421e+02
4.536677451461542319e+02
1.740688016245075289e+02
-8.674960593644945561e+01
-1.589615555933089865e+02
-1.697940680261263253e+02
-2.380627346873789918e+02
-4.051589449271463650e+02
-4.532288234898001633e+02
-5.337975903942347031e+02
-7.785349336539749743e+01
6.757542595259498057e+02
7.018229606582415272e+02
5.503465823443872296e+02
2.528786874416735202e+02
1.287722698389639397e+01
-8.680720261489484813e+01
-9.337124133954428373e+01
-1.715086321709357833e+02
-3.138219621641031267e+02
-3.992290926031797653e+02
-5.202484523865451820e+02
-2.672604672630282039e+02
5.738841428160600344e+02
6.699181031123907815e+02
4.809364383637293940e+02
2.139428244705068209e+02
-6.300419484590123886e+01
-1.814613540049007554e+02
-1.442228740519795736e+02
-2.064007468448522218e+02
-3.256605918963432487e+02
-4.100898986983118562e+02
-3.528153962692964001e+02
4.333988933899795484e+02
7.618807278584306459e+02
6.129984692477933095e+02
3.333598824370474176e+02
5.506198676437806583e+00
-1.185102004177867485e+02
-2.250267243550068201e+02
-2.589170699670516456e+02
-4.221096164685621375e+02
-4.862190925716491847e+02
-6.086132207216874122e+02
-4.001032338861648441e+01
7.430072722324883898e+02
7.424312136870125869e+02
5.682774466439993830e+02
2.776103599725713025e+02
-2.328457441270002093e+01
-1.040756715139914519e+02
-1.830219068468902037e+02
-2.545844240749626408e+02
-4.123471918057130665e+02
-5.060367696279097345e+02
-5.914461241675580823e+02
-6.022058207729595125e+01
5.929720744710951976e+02
6.261354047002646439e+02
4.951528964678002467e+02
1.968926982581667460e+02
-3.411383553342300701e+01
-1.819492243188271345e+02
-1.980399425402067095e+02
-2.630243028913651528e+02
-3.522609694538176655e+02
-4.604635451853478685e+02
-5.660025455809155801e+02
-3.192522981058428968e+02
4.942728763800153047e+02
6.516853670227795874e+02
5.658012920633059366e+02
2.718285681735791286e+02
-1.106637755255334454e+01
-1.182996162132935893e+02
-1.279265645021442452e+02
-2.210145815504774305e+02
-3.071999177242151404e+02
-4.595622020166044308e+02
-5.533285078672557802e+02
-6.332970435624343963e+02
2.975756960122548023e+01
7.066529476522481445e+02
5.882166876672876015e+02
3.898387573134924651e+02
1.556434977014822323e+02
-3.416239878346904391e+01
-1.005430162208330671e+02
-7.144721276558384204e+01
-1.536133409812135540e+02
-2.686761141413418841e+02
-3.643409127075019569e+02
-5.129711445196426212e+02
-4.401044875334040398e+02
3.970722459962802304e+02
7.314615495292251808e+02
5.689195859607611965e+02
2.551504174066177484e+02
-7.391347036920643632e+01
-1.322099947537059563e+02
-2.140365124791875644e+02
-2.075634648268346041e+02
-2.663391365074749046e+02
-3.541493861248775943e+02
-5.339412243156979230e+02
1.390313904197911477e+01
7.418188675030662580e+02
7.626926537668495030e+02
4.808764286621470774e+02
1.772428762259129940e+02
-9.785425098326027182e+01
-1.629481904488478961e+02
-2.210057242159397504e+02
-2.712565224607706114e+02
-4.191287894220920407e+02
-4.977181582368152135e+02
-5.632731357261562835e+02
1.123697222308056780e+02
8.348658271883625730e+02
7.453701970199026619e+02
5.186045550488730669e+02
2.004860611726442698e+02
-5.182937750310567537e+01
-1.002140005982205935e+02
-1.666717101654857061e+02
-2.433480425201578328e+02
-3.787954969422929707e+02
-4.223274229156200477e+02
-5.515491586293769615e+02
-7.855775041965584649e+01
6.572771969180532778e+02
6.652364280529243388e+02
5.274193997208059272e+02
2.993507844131044635e+02
2.411282017392766264e+01
-1.243847400856196970e+02
-1.560474753890024999e+02
-2.462789985191977280e+02
-3.308078349759474577e+02
-4.347265576100345470e+02
-5.508877721848717783e+02
-4.874652101618764277e+02
3.381524635974742523e+02
7.424212389404096939e+02
6.439337333884620875e+02
4.512857202258829830e+02
1.479874943366714319e+02
-2.988631469895658554e+01
-1.374339878769375218e+02
-1.645057771196482577e+02
-2.801017081444080077e+02
-3.811922198166764133e+02
-4.723101721319897024e+02
-5.611882209422356027e+02
-3.956890107132086314e+02
4.024019971151956838e+02
7.019654978214121002e+02
5.455216504543832343e+02
2.850599096789784994e+02
7.395813201175327833e+01
-9.633641425119840562e+01
-1.086375892381027484e+02
-2.241669629210445578e+02
-2.366873030314237383e+02
-4.129500609467708614e+02
-4.195124665307223495e+02
-5.977335385988250209e+02
-1.103585949993268258e+02
6.466061028123446022e+02
6.406908755588787017e+02
4.839599848756087113e+02
1.425844212797386206e+02
-5.513301048953877626e+01
-7.824713434935732437e+01
-1.494636369650047811e+02
-2.518803327501190665e+02
-3.111787792794970073e+02
-4.311721540072966263e+02
-5.351765626641977178e+02
-8.562884391577628662e+01
6.801560123068242092e+02
6.922440165202066282e+02
4.650853443392877011e+02
2.007714128784684817e+02
-2.397153138368545822e+00
-1.145125973638575800e+02
-1.711117318258259274e+02
-2.222399475129811606e+02
-4.068637217141757674e+02
-4.652144631843759726e+02
-5.929152435355957778e+02
-7.132912998939042382e+01
7.466037406777296610e+02
7.320696724177410033e+02
5.959924901706142464e+02
2.992477599241654502e+02
3.601605833388591549e+01
-1.065642705588336980e+02
-1.676245814057840278e+02
-2.378777505026815788e+02
-3.494219096675315086e+02
-4.201080173831903721e+02
-4.901575165092992847e+02
-2.856638392310095469e+02
4.918644685719731910e+02
7.194223439425293236e+02
6.363408361606464041e+02
3.674650144453486860e+02
1.408012666320776134e+02
-2.825094072725307015e+01
-1.010821296642358647e+02
-1.260795716792612637e+02
-2.327593426215416343e+02
-3.508356576046348891e+02
-3.834079930848192248e+02
-5.697338724768692373e+02
-1.081578274659854628e+02
6.538413376923311944e+02
7.602226774686386079e+02
5.591198698141713521e+02
2.445106658019494716e+02
2.702490774037316079e+00
-8.782297887825504290e+01
-1.358204303984508670e+02
-1.836072469115424894e+02
-2.771690658677852070e+02
-3.961439860773532473e+02
-4.139829356575494899e+02
-5.196247423245737309e+02
1.258227413806524098e+01
7.022639663381232822e+02
6.828422927296927583e+02
4.724921951184811633e+02
1.651889688902644764e+02
6.581694403934912785e+00
-1.120337431760181062e+02
-1.258145320274732910e+02
-2.787722933687166460e+02
-3.019171362424914378e+02
-4.590807431122474327e+02
-5.642836110937798821e+02
-5.719131316406245560e+02
1.472745751717253029e+02
6.651907397616206481e+02
5.752822660651313527e+02
3.541902810652729841e+02
9.707157694695563066e+01
-3.455633126817213707e+01
-7.657110708081233952e+01
-1.454234938471333862e+02
-2.134097913178628403e+02
-2.247613489033380176e+02
-3.872325883207357151e+02
-4.876230459113907045e+02
-5.164644581652449915e+02
1.927438977708726213e+02
6.746414991984795506e+02
5.313314891142632632e+02
2.937545047896166466e+02
1.567606234965495027e+01
-1.126868511959437029e+02
-1.856190772400362903e+02
-1.363005960879265501e+02
-2.247422010058981812e+02
-3.744923024420448883e+02
-4.815991399997608937e+02
-3.948803887851563559e+02
4.387349351043561683e+02
7.254443531225725792e+02
5.807819599074455255e+02
3.288101449993563392e+02
-1.101097432698709966e+01
-1.605798829426101406e+02
-2.019736615521858312e+02
-2.436068191987450291e+02
-3.646694250550478387e+02
-4.158289622800128882e+02
-5.907439343459117254e+02
-3.740158427999662649e+02
5.102425466989280949e+02
7.881935212932946797e+02
6.446277810629180749e+02
4.284587840247699546e+02
1.147500106778243349e+02
-7.118399135656116528e+01
-1.351402757185528003e+02
-2.157756348244572564e+02
-2.886596754225213886e+02
-3.921554235781118223e+02
-4.576632971783590165e+02
-4.806646789519970753e+02
1.410300877145867275e+02
7.777825448793294072e+02
7.030260924555979045e+02
4.933524327673438847e+02
2.327912622349246305e+02
-7.122598969460909757e+01
-1.303665988930580113e+02
-1.553830643913717608e+02
-2.192982448701105511e+02
-3.006860642090514943e+02
-4.092682673084917155e+02
-4.842576773698236252e+02
-1.785990934752994406e+02
5.654928078414105812e+02
7.538069985731634688e+02
6.253825379402489943e+02
3.274478550397104186e+02
6.236528994230544498e+01
-3.021245424104312605e+01
-6.918983437720956431e+01
-1.874324884733676697e+02
-2.529645888845535637e+02
-3.610832391213770620e+02
-4.157899974435786135e+02
-5.912694760817315682e+02
-3.255570251684366099e+02
4.886707080759008477e+02
7.456658001690365154e+02
5.328059923817116896e+02
3.049427518587883696e+02
7.767311308051688457e+01
-5.044303174933324918e+00
-5.176765658184575614e+01
-5.289108642969767970e+01
-1.529414466084224387e+02
-2.546311421020353691e+02
-3.713424261251840335e+02
-4.112744087353558484e+02
-5.754943756353379740e+02
8.164657721864222140e+01
6.534053024735742383e+02
5.889580436956356380e+02
3.251338782948754442e+02
8.215626516127818135e+00
-1.643612553621926509e+02
-1.960186516776643373e+02
-1.707462395905477308e+02
-2.255714763445888593e+02
-3.272244265161534145e+02
-5.118317641205453583e+02
-5.474242784182483774e+02
9.132911701052850617e+01
6.805752830064135424e+02
6.442018257607945770e+02
5.106615291908086078e+02
1.636915807290232294e+02
-9.886592620752590221e+01
-1.667878334963934321e+02
-2.046720841004126328e+02
-2.962017804920030812e+02
-3.581602646996740873e+02
-4.728131813900311045e+02
-4.983580633784565066e+02
-5.465934368767692604e+02
2.797578980567008671e+02
8.119777866960146184e+02
7.295776486517451076e+02
5.371786924567129518e+02
1.770644602777360603e+02
-7.268643134268660333e+01
-1.324515948876908737e+02
-1.139872284510127827e+02
-2.226977025210228476e+02
-2.876401321829392259e+02
-4.285186139712842532e+02
-4.934105707421903162e+02
-5.021943243932000769e+02
1.492331578276186974e+02
7.233127360384650046e+02
6.923161099879472431e+02
5.174153202988035218e+02
2.083294846077298530e+02
-5.804131667545971851e+01
-7.232091229620962736e+01
-1.321911037320338096e+02
-1.624411497387718555e+02
-2.913621265258198036e+02
-3.871136638920853557e+02
-4.510628246243666695e+02
-5.151615088500043385e+02
1.156009099596239906e+02
7.329463268260046789e+02
6.999712418539739929e+02
5.099046018113130003e+02
2.374587719612819399e+02
9.924770395384852506e+00
-8.367574442763387310e+01
-8.363625453149752786e+01
-1.939301267668355706e+02
-2.660898545973445266e+02
-3.802438806238818643e+02
-4.779532539321422178e+02
-5.655427308426660602e+02
4.053471994878925955e+01
7.206700762968448544e+02
6.889506553192469482e+02
4.304893281978004893e+02
1.913690087971650087e+02
-3.208498515048163569e+01
-6.223291230951411279e+01
-4.434425681966597210e+01
-1.564257549416857387e+02
-1.777065571010899703e+02
-3.347730015048495602e+02
-3.868857794108599251e+02
-5.822148161384182004e+02
-2.217491952120372787e+02
5.837237962494884869e+02
6.578980496207425404e+02
4.827672865558324702e+02
1.966024349252255092e+02
-7.400633705349154923e+01
-2.005430365610381216e+02
-2.100361658973919248e+02
-2.646357891333241810e+02
-3.211029750552228279e+02
-4.201097771877533091e+02
-5.468748278198154367e+02
-9.481766537879686041e+01
6.305618424931589061e+02
6.149324043849560439e+02
5.229853615932437378e+02
1.810126177305935187e+02
-1.135240077526691636e+02
-1.688771995897756710e+02
-2.433474486759367892e+02
-3.130420472310123046e+02
-4.088416182421213421e+02
-5.249785419666628741e+02
-6.126107924661032484e+02
-3.417038396334380650e+02
5.226673059093352549e+02
7.326352670781438974e+02
5.770079884237727583e+02
3.308706552333203490e+02
6.196339995507709375e+01
-1.296761053611403725e+02
-1.224872721485577074e+02
-2.408246368204748080e+02
-3.078452707321027901e+02
-4.492200169766336444e+02
-5.136443764143222097e+02
-5.094084878651700592e+02
-4.719864544110617999e+01
6.894857622802688866e+02
7.213033429891916057e+02
5.241967294851949646e+02
2.492915784572357722e+02
-3.059947200562112712e+01
-1.118526958115239722e+02
-1.481798511891761905e+02
-1.701231859689077055e+02
-2.834308022966088174e+02
-3.955433946171144726e+02
-4.867325683600329853e+02
-5.341644031011733205e+02
1.555900612672107286e+02
7.457240651961473077e+02
7.123212501393204548e+02
4.888527677746042173e+02
2.177035294727054691e+02
-3.051368029020803974e+01
-1.256808502982347164e+02
-1.315635732096920947e+02
-2.606641700471780609e+02
-3.424944331313498651e+02
-4.216363694880244566e+02
-4.511792452249142116e+02
-3.382935176227776424e+02
4.953113948789609253e+02
7.630170606328924805e+02
6.199523680917200181e+02
3.612505082900199227e+02
1.359464611730776653e+02
-2.947944603922984896e+01
-7.310419397121503948e+01
-1.376476808284559468e+02
-1.402884864983977593e+02
-2.679793651853124175e+02
-3.563893583647867445e+02
-4.907245203904153072e+02
-2.773467667511441164e+02
5.514678878152710695e+02
7.097317442112139361e+02
4.929236050924838537e+02
1.817493557101487909e+02
-5.751335514755073319e+01
-1.632446599126454885e+02
-1.411351901026156952e+02
-2.039000096988509085e+02
-2.972867558444403357e+02
-4.093187901321286404e+02
-5.249520037204697473e+02
1.336673365733444143e+02
7.322076646896042575e+02
6.543304983628604532e+02
5.100391873218272849e+02
1.519133854563528701e+02
-1.173066888943122024e+02
-1.902150701213183481e+02
-2.520815277275651169e+02
-3.256766630173369776e+02
-4.196718247310101901e+02
-5.270671213174398417e+02
-6.135978322897553880e+02
-8.743053905278023308e+01
6.741798175204154404e+02
7.140862969538076186e+02
5.282748746695433510e+02
2.743546858426905146e+02
-2.015288322959392886e+01
-1.314078116916155352e+02
-1.132813042175117744e+02
-2.445271223232591922e+02
-3.165513357616582653e+02
-4.212425586513242024e+02
-5.234249891011623959e+02
-6.292486963585960211e+02
2.404092040898461491e+01
7.383583192183230040e+02
6.647649000837192261e+02
4.534287463236910867e+02
1.505116584240486191e+02
-7.756124885125061041e+01
-8.138179675921894329e+01
-1.566924174456898129e+02
-2.177020441615634638e+02
-3.069616996549351029e+02
-3.943502877653058931e+02
-4.361352368972715681e+02
-5.328900216597967301e+02
-4.219573638076024480e+00
6.863377043793113899e+02
6.664853510083287347e+02
5.171891899187571653e+02
2.734073033670076143e+02
3.150065255655050223e+01
-3.298488305756232819e+01
-1.120258994772393351e+02
-1.258337524703391495e+02
-2.391467999950185686e+02
-3.537326064353156312e+02
-4.328715546441021047e+02
-5.233521732872553685e+02
-3.470588279491543631e+02
5.583952201431173989e+02
7.401108806949723657e+02
5.804477112830936676e+02
3.472246745090367881e+02
1.184461338249203379e+02
-3.473501375039418360e+00
5.340425581119519371e+00
-1.210973654764988652e+02
-1.918690119835246435e+02
-2.903734572154906459e+02
-3.642156455081264994e+02
-5.097785983818355362e+02
-3.978575749382367803e+02
4.391527907625732610e+02
7.527633569647945251e+02
5.771678722810288491e+02
2.885046257687947104e+02
-2.693566018734071221e+01
-1.129038045301755488e+02
-1.947592549322820332e+02
-1.765665644232680336e+02
-2.670982241930302052e+02
-2.973553826504945619e+02
-5.099325329793471155e+02
-2.083972580485922492e+02
6.326908513628810624e+02
7.035131303265769702e+02
5.435422941250371878e+02
2.521097079611445793e+02
-3.734051770406060911e+01
-1.796202677646947734e+02
-1.662657878543283800e+02
-2.797872615419911995e+02
-3.881621761924685075e+02
-4.265301273472618391e+02
-5.651386043833681470e+02
-2.026910539724812850e+02
6.263458942229428885e+02
7.478703649913750269e+02
5.898778541155849098e+02
2.900643976892295655e+02
-3.569277105380799497e+01
-1.228971111253913904e+02
-1.277455881931044956e+02
-2.229146725420926600e+02
-3.237918104995042086e+02
-4.362440245189500843e+02
-5.304583421462646129e+02
-4.788697812549239643e+02
2.298327023831041629e+02
7.146598486544746720e+02
5.911677050995602940e+02
3.885210293675139042e+02
8.561217610451585358e+01
-1.381498559569035649e+02
-9.814271084334555439e+01
-1.923913470326502306e+02
-2.742065721813055461e+02
-3.613806557774842645e+02
-4.760372676206831102e+02
-5.439225164500788878e+02
-3.666599095886452346e+02
4.443389548755915825e+02
6.920680412315533658e+02
5.749333707687580954e+02
3.560723292819990320e+02
4.774128815760110456e+01
-1.090582291468198264e+02
-1.359265739815562029e+02
-2.120624628317789302e+02
-2.747634925311586471e+02
-4.209877859990846787e+02
-5.082646327581692844e+02
-6.233374728800251887e+02
-1.817841616018141337e+02
6.059818281757191016e+02
6.651797201119572946e+02
5.405741854004220386e+02
2.575377683848079755e+02
1.107221046281152788e+01
-7.967575888657623295e+01
-3.395376837364082689e+01
-1.395661153974975548e+02
-1.530639608563732281e+02
-3.418627628350881764e+02
-4.434084738483213641e+02
-5.465563048071671801e+02
1.664913253845550756e+01
6.757892378184227482e+02
6.395337190063339676e+02
4.200430208214787626e+02
6.255443082228065066e+01
-9.124255008812001222e+01
-1.899104824507076046e+02
-1.905027163725959269e+02
-1.851997419713244142e+02
-2.686785053414626532e+02
-4.753975716370738382e+02
-3.305292261407645356e+02
4.918299350521270412e+02
7.416879913830812256e+02
6.517529968437446541e+02
3.888931052409699305e+02
5.456472117685191137e+01
-1.759383251222828903e+02
-2.169604489017880269e+02
-2.490008992358400235e+02
-3.682041851163801880e+02
-4.407000203382372092e+02
-5.143818034788760087e+02
-3.042576808240165178e+02
5.939681526276705199e+02
8.045616993773671766e+02
6.653006690555479281e+02
3.739622448764150704e+02
5.300133563471190712e+01
-1.203248593454928539e+02
-1.528431706532729777e+02
-1.980210912153169147e+02
-2.981105614790783420e+02
-3.911829619823465123e+02
-5.180749919259352509e+02
-5.059179130574967189e+02
2.634274658518791057e+02
7.383730333066738467e+02
6.488659847637047733e+02
4.022827964011651716e+02
7.020605239473057679e+01
-8.086154081368263746e+01
-1.182499923732607527e+02
-1.847663101890861981e+02
-2.342280987637057592e+02
-4.274581122507063924e+02
-4.329110921072230553e+02
-5.853124305180355123e+02
-3.054032808901888529e+02
4.546550884397840946e+02
7.089813592190927238e+02
5.607721918836747363e+02
2.631875317842693676e+02
7.896604284682512187e+00
-1.033690400054644130e+02
-1.616676956679314969e+02
-2.389136195364511366e+02
-3.101204881425896929e+02
-3.794187946092391144e+02
-5.030042774944379858e+02
-5.944153173057966342e+02
-8.823551122280129277e+01
5.928862793618245632e+02
5.859518869482456012e+02
4.426667428164209355e+02
2.061816597281905672e+02
4.204362788906107795e+01
-4.266536552680156547e+01
-6.270647200646531871e+01
-1.910924602472182698e+02
-2.432128900190209322e+02
-3.392778984365702968e+02
-5.031919864496092032e+02
-4.671419255715762802e+02
2.078952926311728788e+02
6.626339325290068700e+02
5.098287997853882985e+02
3.120201001726768482e+02
6.816356315522392073e+00
-1.443104598602641317e+02
-1.747850805933699405e+02
-1.878037280010086079e+02
-2.021349915260044838e+02
-3.561692227804142590e+02
-5.190326259654110572e+02
-2.215203748445722738e+02
6.045211632248996239e+02
7.675116987325078526e+02
6.005816251088377840e+02
3.333183516778026387e+02
-3.031648552233922800e+01
-1.938086736196699462e+02
-2.016264932186713850e+02
-2.072023615594652313e+02
-3.762020023703831839e+02
-4.404340519304673194e+02
-5.462231332667624883e+02
