-2.112145017434649219e+02
-1.138530794754661031e+02
-2.368468218872244222e+02
-3.197146708898496286e+02
-4.607478799546423147e+02
-5.047776726553412345e+02
3.309500540082827342e+02
7.314566989119296068e+02
4.802520319857042068e+02
1.951104948382750592e+02
-2.114954998502495442e+01
-2.305274435898917673e+01
-8.535530043529226418e+01
-2.140554920197432125e+02
-3.313410971503407723e+02
-4.764164614715013499e+02
-1.897896033777313676e+02
6.825636038623032391e+02
5.534307733837737260e+02
2.624747775937086658e+02
-1.084493786056251139e+02
-6.590344602707232013e+01
-1.452384394878496892e+02
-2.516243217140054753e+02
-4.033868952719403751e+02
-4.018764973062709487e+02
3.739494615874662031e+02
7.537807587600397028e+02
4.218580844454021417e+02
5.460526189680800968e+01
-1.493508736555486678e+02
-1.339570331028840826e+02
-3.386883893579936284e+02
-3.888884277144507564e+02
-6.696683830752534732e+02
-2.666416963415879309e+02
6.096664869497398058e+02
7.022922888531047647e+02
3.092943013596985793e+02
1.379305718205392495e+01
-1.564638390467432885e+02
-2.183880497657231956e+02
-3.755090292841368296e+02
-4.275992673489756157e+02
-6.260117722710739372e+02
-6.117490321687080623e+00
6.397888103360820651e+02
6.052201112302243473e+02
2.766053674655624945e+02
-6.378617867523196594e+01
-1.029211413792380228e+02
-1.276806078182712696e+02
-3.355028871017899519e+02
-4.125853447186683525e+02
-5.615044454779945227e+02
-5.552027799657941642e+01
7.467598464252461099e+02
6.199452780271985830e+02
2.846813898897392505e+02
-3.421017686136867297e+01
-3.507325447632015170e+01
-1.348671062852474734e+02
-2.935422750139454706e+02
-3.749863594220902314e+02
-5.618646833601668504e+02
-1.179312643479927658e+02
7.122823615920973452e+02
6.192080106480639188e+02
3.349879937584608456e+02
-1.858325532317534368e+01
-7.115711041845621310e+01
-8.641323662928292038e+01
-2.615020974164747258e+02
-3.593380876398704800e+02
-5.292700745559329789e+02
-1.283200986615404702e+02
7.128251650673930726e+02
6.107717205668069482e+02
2.873366528216296842e+02
6.573264147054527662e+00
-6.841397772287102441e+01
-9.333190818547049616e+01
-2.547825003199683351e+02
-3.530988174651290024e+02
-5.365917452991146774e+02
-1.770389534824250575e+02
6.522371214131981105e+02
5.371646325108742985e+02
2.099478609096208572e+02
-1.004648259419630563e+02
-1.017576228331975585e+02
-1.305168528168353816e+02
-3.430631192597333552e+02
-4.590778022386334669e+02
-5.551002705751280928e+02
1.410055286074762364e+02
7.304465771748710949e+02
4.723563486482112808e+02
1.233445089472034226e+02
-6.502006230333763881e+01
-1.058542407788695954e+02
-2.825109045392974849e+02
-4.112157501808745792e+02
-6.145741889991713833e+02
-4.138309053873424546e+02
5.415784312839458607e+02
7.157548990669477007e+02
4.402899590864206516e+02
1.576664890251828410e+02
-6.220986933838947408e+01
-1.349392071449857440e+02
-3.337810320056508999e+02
-3.891729050198003392e+02
-5.336308367904056240e+02
-3.443758291392656474e+02
5.496194573296822909e+02
6.868278318697728082e+02
4.832218049494043157e+02
9.575510538102319913e+01
-6.098977723467736212e+01
-1.167623167239349016e+02
-2.654595883530562901e+02
-3.311535592765035858e+02
-3.984483755775240184e+02
-4.282686465718642239e+02
4.317761425266998572e+02
7.234446104186805542e+02
5.142842193743247208e+02
2.056666789890696521e+02
1.933967123694733559e+01
-3.801220736804424405e+01
-1.359791021552179018e+02
-3.235667356725038530e+02
-3.937389255442395211e+02
-5.442423311074647927e+02
2.264993358773865140e+01
7.219970248516065112e+02
5.212338936599660428e+02
2.522699258323856100e+02
-3.360688740524598472e+01
-9.796253945234976612e+00
-8.116747188017741621e+01
-2.228531348748503262e+02
-3.220286936217908078e+02
-4.943429393199006086e+02
-3.628270904456410335e+02
5.881704650937034558e+02
5.639194737807215461e+02
2.978526654045616624e+02
-1.018018978192340995e+02
-1.606380536480583316e+02
-2.149364071206022686e+02
-2.880501368558885815e+02
-4.051880798466240776e+02
-4.963890410185173323e+02
2.679592649114947562e+02
7.693701538853196098e+02
4.562518723138636574e+02
1.048181348309604033e+02
-2.267379875826077864e+02
-1.443462496129438648e+02
-3.308089424377203613e+02
-4.198932739632272728e+02
-6.208713034653678733e+02
-2.253756305209346351e+02
6.428544642509052665e+02
6.980935569761426223e+02
3.964118196361951050e+02
5.755280809503706507e+01
-9.166012656079351473e+01
-1.512009877132330473e+02
-3.079612373952938356e+02
-4.154701071973588000e+02
-5.871162394519841428e+02
-7.367037764086126117e+01
7.162275735916949770e+02
5.874297760172283915e+02
3.786782742754975857e+02
8.670169395499280540e+01
-3.053498865429508768e+01
-9.609547084315090615e+01
-2.127998894083007997e+02
-3.229505269563684919e+02
-4.589602928848844954e+02
-3.532861989112579977e+02
5.469410052438126968e+02
7.072182209775926367e+02
4.568600997575064753e+02
8.772354404720017840e+01
2.142234563353626609e+00
-3.939467580887321674e+01
-2.050515695495089403e+02
-3.655825728142158368e+02
-4.713390070814645014e+02
-6.125719370167041689e+02
1.316193001618212577e+02
6.767089388727338246e+02
4.331722662407781286e+02
2.088402400069583109e+02
3.359082327116128397e+01
-1.565625212530492050e+01
-5.513443571183497482e+01
-2.506922404753242120e+02
-3.758372623418289322e+02
-5.215332982107283897e+02
-4.082170979366201777e+02
4.902562400903962612e+02
6.045474581889574210e+02
2.687002513746816135e+02
-9.014841421362423546e+01
-1.774077566082211774e+02
-1.940280851362659291e+02
-2.590315025884450506e+02
-3.808932573320862502e+02
-5.256437131052471159e+02
2.819509680083001513e+02
7.284441952270897218e+02
4.768614666511308542e+02
1.693714241031586880e+02
-1.714337011096108654e+02
-1.590922433150280426e+02
-2.915767714099823138e+02
-3.466502389422724377e+02
-5.559216894858989235e+02
-4.127088351182801489e+02
5.475293501004980499e+02
7.483396391674626784e+02
4.469468056563667346e+02
1.399073060340011523e+02
-6.399327473537655919e+01
-1.032863792251917374e+02
-2.184449407116335919e+02
-3.873988126244811383e+02
-5.139679289372278390e+02
-4.481523320399180648e+02
4.414709580704764562e+02
7.452342929328191303e+02
4.931063453617119308e+02
1.966516092511004956e+02
-2.877132343475227216e+01
-4.749725170179462452e+01
-1.300877697386862053e+02
-2.491790191435281940e+02
-3.996004992716580091e+02
-5.215483202137797889e+02
-2.798888930340597767e+02
6.820666391662166461e+02
6.667834145292897574e+02
4.128533593730327311e+02
1.113615399118926597e+01
-4.022006907693495492e+01
-1.197974977970893775e+02
-1.434946677036983829e+02
-4.070291683157402076e+02
-4.506470934517480487e+02
-6.264846610159002012e+02
-3.130449796053785860e+01
6.584830866810438010e+02
5.733201600000605822e+02
2.822097341741620085e+02
1.312193350929138091e+01
-3.736205100186433015e+01
-9.805365029889114226e+01
-2.487549193769974067e+02
-3.327345944914344500e+02
-4.959300365016273986e+02
-4.215075294175541671e+02
4.210618756862809278e+02
6.295575263286810923e+02
3.162497780423230438e+02
-3.504778641272482531e+01
-1.853730472072405462e+02
-1.271166414200803274e+02
-2.819069627779298344e+02
-4.148491825798836317e+02
-5.612364080258111017e+02
2.431705785261494270e+02
7.725740818890228638e+02
4.939551029981308261e+02
2.074666958331982869e+02
-1.238175577269923338e+02
-1.982695652325017193e+02
-2.878052559093184186e+02
-3.719709776956806309e+02
-5.252848892365610709e+02
-4.024975618171907854e+02
5.603836440229788423e+02
7.376833291593239892e+02
5.465712991949197885e+02
1.197242230293167466e+02
-7.941673759208676131e+01
-1.188696962107252233e+02
-2.294316078343632626e+02
-3.468202232516973709e+02
-4.701266582108248144e+02
-4.294849497272348913e+02
4.587155438742745446e+02
7.581283610625197298e+02
4.971124868304060556e+02
1.329127860653545667e+02
-4.443471420455198739e+01
-1.224356350211644866e+02
-2.299373643606403164e+02
-3.163506494172905832e+02
-4.165288119282691355e+02
-5.360516874971373227e+02
3.005465645711714728e+02
7.091313277610918249e+02
4.633264311085931126e+02
1.456938271394955109e+02
-9.912704947598120953e+01
-1.094090038303874195e+02
-1.820613528056736357e+02
-3.773229467679582285e+02
-4.541534291000336339e+02
-5.365745401407237978e+02
1.985191273335751987e+02
7.214790501850121700e+02
4.385242066108904169e+02
1.861547775553867723e+02
-6.861305533589025174e+01
-7.510226536999311975e+01
-1.557960803255228939e+02
-2.554552573297394247e+02
-3.864766941878189641e+02
-6.140113483196336119e+02
-6.459676390178996996e+01
6.848968519103088965e+02
4.626469341178072909e+02
1.652198158146681521e+02
-1.396832550893348355e+02
-1.053768503059916810e+02
-2.898085943706558396e+02
-3.038687680719079935e+02
-5.609674656962583867e+02
-9.523032817182053300e-01
7.348836709001660665e+02
5.851985412531654447e+02
3.397659204226513339e+02
-2.684042285803919725e+01
-1.016602001855942063e+02
-2.860767667234305236e+02
-3.607616096677040787e+02
-4.705036640847670242e+02
-3.410852671595615675e+02
5.291031119366321036e+02
7.804476350294980875e+02
4.902016230792369242e+02
1.520299419132439880e+02
-7.983765693955889731e+01
-9.624288026625242765e+01
-2.786889862406064253e+02
-3.987070696745058171e+02
-5.378024492705148987e+02
1.310531520356703084e+02
7.160064062271239891e+02
5.340179475550418147e+02
2.704867046819474012e+02
-9.672100019724420861e+01
-6.633030339119038388e+01
-1.932421687836364583e+02
-3.347833650362285312e+02
-4.733114559533270835e+02
-4.361092407032150504e+02
4.471660542718528859e+02
6.985149773818186532e+02
4.212870427245766791e+02
8.403477344675049210e+01
-1.228077853703141500e+02
-1.236286404407882031e+02
-3.155314021197760326e+02
-3.980436459928108093e+02
-5.662922749405971672e+02
-3.288357461688617036e+02
5.126701801163742402e+02
5.781119208731042818e+02
3.189412917427267757e+02
1.078714035956530370e+00
-2.970880569167620067e+01
-3.378119453160191910e+01
-2.184490651629314470e+02
-2.862130548326654775e+02
-5.162843740694410144e+02
-3.840217143205294406e+02
5.314320891143700010e+02
5.991535765953834698e+02
2.603926420686846654e+02
-7.040949860049641984e+01
-1.186888156292295378e+02
-1.390883893333507899e+02
-2.697099815527512305e+02
-3.723105101001136177e+02
-4.469714123820561440e+02
2.983501767065111494e+02
7.848035434839390518e+02
4.968624676721727838e+02
1.462073353087538123e+02
-7.871551608783497045e+01
-1.162223469059521506e+02
-3.152639711416526325e+02
-3.732608066812173320e+02
-5.785980159132126346e+02
-2.495405992572332821e+02
6.855594219481803293e+02
7.468990378399362271e+02
4.389493543034024583e+02
9.303567371855613999e+01
-7.323680031416266445e+01
-7.953958852434608673e+01
-2.548959612558589924e+02
-4.205701863217544201e+02
-5.380632844140488942e+02
-3.759660983605140814e+02
5.132969549545467771e+02
6.625559579292146282e+02
4.438102108672439954e+02
8.570976339242557174e+01
-4.408463374286073844e+01
-8.266919785913100327e+01
-2.388721573100926605e+02
-3.778321405857183777e+02
-3.977743157067520769e+02
-6.047791080804034891e+02
6.700524609209988114e+01
7.429090796188594368e+02
5.469948250885378229e+02
2.486335684155915828e+02
-6.350735177922661734e+01
-7.422355090144694145e+01
-1.661688325876509111e+02
-2.561659127069310671e+02
-4.304199263172333758e+02
-4.927993230212939579e+02
-3.647955539960220790e+02
5.111250963332560104e+02
6.449593818421241167e+02
3.579519646024431836e+02
5.185758780033793158e+01
-5.624023620013209523e+01
-1.075347209941329965e+02
-1.636969199180925330e+02
-3.266288216624867573e+02
-3.972094616543337793e+02
-5.698006336585973486e+02
7.868866033965706208e+01
7.221939753889680560e+02
5.350600291264154293e+02
1.547423156674985876e+02
-6.550342081208172829e+01
-6.294802432973462913e+01
-1.589916308612299645e+02
-3.185712201078050043e+02
-4.311330441502203144e+02
-4.133174195664925037e+02
4.614269748279147052e+02
7.656800034324236321e+02
4.506973149978707625e+02
1.398688036207484799e+02
-1.042955609991935972e+02
-1.406711658518241848e+02
-2.557869415322748523e+02
-3.951462001825717039e+02
-5.560794381652940501e+02
-2.927884988259883698e+02
6.714289847076342994e+02
7.907788905680416747e+02
4.617413736685601293e+02
7.829918631476665780e+01
-8.602039871901409640e+01
-1.346427653505510875e+02
-2.540786323826538364e+02
-4.045368675680575166e+02
-5.249421455256740501e+02
-3.305083214897379662e+02
5.164751330939475338e+02
6.897727468408177174e+02
4.916759491441389400e+02
1.154423578996200632e+02
-6.411683643990625114e+01
-1.248403301009816033e+02
-2.355820737032089198e+02
-4.148965834466692399e+02
-4.740672364200959805e+02
-5.783532384331464300e+02
1.981951188646587809e+02
7.124222047672544704e+02
5.073445395563344960e+02
1.907949814728815454e+02
-1.862289554915223277e+01
-9.762328966737646851e+01
-1.979640377535744449e+02
-3.178918824969046568e+02
-4.021627802246808301e+02
-5.738338006197966479e+02
-1.833020932236176463e+02
7.027749833239230384e+02
6.332214788851186995e+02
3.727793983443064008e+02
6.709847772315760039e+01
-6.436311340045139673e+01
-1.197447235691608540e+02
-2.557807164248699792e+02
-3.857373238613095054e+02
-4.857591008874761656e+02
-5.420188962439524403e+02
3.387498473801374530e+02
7.333351414029297075e+02
5.291529723229066349e+02
2.337175007727045113e+02
2.195277313018164733e+01
-6.502638440273673837e+01
-9.033741347389161547e+01
-2.416478078404070118e+02
-3.432253307142598260e+02
-4.851154205878410721e+02
-1.147808400578988710e+02
7.169504327967415520e+02
5.908607033735718232e+02
3.035343495381686694e+02
-7.906687464221663220e+01
-1.359291911101648509e+02
-1.837257631375343294e+02
-2.666124730046620925e+02
-4.385609728622613943e+02
-3.737362881555540071e+02
5.660218087865997632e+02
7.391853468847393742e+02
4.650343842415811650e+02
1.363610051569447990e+02
-1.637463494665804831e+02
-2.461993826425314751e+02
-4.133454881146743105e+02
-4.114522878118476683e+02
-6.336242805101878730e+02
2.780257987536210340e+00
6.886682968559637175e+02
5.769510599971223428e+02
2.767981199578659357e+02
-7.457247002929027246e+01
-1.459788083204386737e+02
-1.732398940825372051e+02
-3.407005602494896834e+02
-4.195228283311592463e+02
-6.514333535967078888e+02
-1.607875183192386004e+01
6.695684766794383904e+02
5.885134349196824814e+02
2.325985178368855202e+02
-1.017730658041317042e+02
-1.464245459070257311e+02
-2.090360687002259965e+02
-3.248973786006280875e+02
-4.432563818163217206e+02
-5.715960420764224637e+02
-1.118490811924550599e+02
7.458949612535599272e+02
5.972255154548071232e+02
3.279373918674940569e+02
1.119140867363510594e+01
-4.431845652545645464e+01
-1.272966782483429711e+02
-2.233589572718921943e+02
-3.918953035409215317e+02
-5.169201136454721563e+02
-4.238885344842603899e+02
5.752690613682800631e+02
7.226268549945519908e+02
4.115262859622989140e+02
1.027895994264989241e+02
-4.681376370886273719e+01
-6.510719574134097343e+01
-1.080488140482994339e+02
-3.021126017986211423e+02
-3.323550840961867152e+02
-5.577934342501405354e+02
1.156144731489396094e+02
7.424686928719954722e+02
5.100737647013460219e+02
2.025931284143426581e+02
-8.905836769879606152e+01
-6.860798871391635601e+01
-1.469202802198108202e+02
-3.251404295750355686e+02
-4.763532504366564240e+02
-4.070353983634158794e+02
4.084242391151406650e+02
7.214433425299081364e+02
3.988738332700452816e+02
8.616442063648877081e+01
-1.568006986050536113e+02
-1.957572085768057093e+02
-3.787359741644293649e+02
-4.090880801951416288e+02
-6.641596688211757282e+02
-3.378704473809833075e+02
7.117291363070393118e+02
6.747290823564437687e+02
4.032397258667805318e+02
2.060651875088398910e+01
-1.304580582584697197e+02
-1.766226367094176339e+02
-2.837374235771698068e+02
-4.348910192990513792e+02
-5.272491461080124964e+02
-5.649636878311732744e+02
3.472379530633208446e+02
7.307686494447647192e+02
5.075926356451868173e+02
2.248782216454463878e+02
-5.986556794408592452e+01
-9.235274941372051671e+01
-1.971085977274979655e+02
-3.298925991613652968e+02
-3.225386447445313820e+02
-5.408028416105730685e+02
-2.856652926685725902e+02
6.676439482156473559e+02
7.018270795031321541e+02
4.460488565532756411e+02
8.856500550341984024e+01
-9.792493235235413263e-01
-6.997010527822642700e+01
-1.084723822099190471e+02
-2.937047652035261649e+02
-3.891002355294777431e+02
-5.907339852041002359e+02
-1.744564409237642622e+02
7.287457578649109564e+02
6.320339882672296881e+02
4.262363759239324281e+02
8.113215939740960891e+01
5.134363442441645731e+01
-1.053133939506355716e+02
-2.138689665997677309e+02
-3.566058547275565616e+02
-4.567498724614920320e+02
-6.124053113395605124e+02
6.002589645696123455e+01
7.986438471099423850e+02
5.639576924710105459e+02
3.074590861823334649e+02
3.720574850672433342e+01
-3.986490210730970318e+01
-1.250481513002867615e+02
-1.928598712334571417e+02
-3.480818751131332647e+02
-5.159139591807745546e+02
-5.256936414858216722e+02
3.941735793771687781e+02
7.197127728694968027e+02
3.642315926428943271e+02
4.943089405257143198e+01
-2.074230279595124671e+02
-1.553622616524021964e+02
-2.990381944243058570e+02
-3.969846370272069862e+02
-6.341836206631583082e+02
4.533623850445542303e+01
7.306938488678166550e+02
6.270836520490083785e+02
2.793287566453284398e+02
-7.490908299157538863e+01
-2.080713222187690121e+02
-2.871796681905683499e+02
-3.752885755568794934e+02
-4.724994603575599399e+02
-5.530999953767494617e+02
3.343946091193644747e+02
7.948169750519632544e+02
5.666371879447023048e+02
2.400091759239027738e+02
-6.771732789411343845e+01
-9.628277486098737370e+01
-2.028641772603347988e+02
-3.475323904455332240e+02
-4.540039430897654142e+02
-4.480033110867639152e+02
3.908848179459008065e+02
7.784273509982383530e+02
4.973719805756116443e+02
2.195287900829035550e+02
-9.715554363765211576e+01
-9.909991525539709301e+01
-1.846880171796599939e+02
-3.107375050283482096e+02
-4.474790249836691487e+02
-3.797052567267685959e+02
4.527356100587303445e+02
7.179885310877000393e+02
4.447996843039786654e+02
1.882748929400649729e+02
-7.098852044211461987e+01
-1.268127410137038567e+02
-2.476758213319303081e+02
-3.837839375041639869e+02
-4.876054085557088911e+02
-4.742526378610040183e+02
4.206390606032100550e+02
6.818069558875019993e+02
4.241801082445908264e+02
1.209698886162026952e+02
-5.286187170050245498e+01
-2.664850767072640991e+01
-1.835978117812483390e+02
-3.260762123709794764e+02
-4.610360729049594966e+02
-5.184608213802821410e+02
2.009074480604896848e+02
7.541273476447693156e+02
3.482598490119176518e+02
1.206350642106781947e+02
-1.976877035773436546e+02
-1.565767084345487206e+02
-2.972656075204208150e+02
-2.967053487243267114e+02
-5.615156542890227911e+02
2.686248921627948505e+01
6.871067339100695790e+02
5.955124747181325802e+02
2.408491413848724392e+02
-1.111845553278128733e+02
-1.940670849926784172e+02
-2.256976270402836633e+02
-4.370932764669635731e+02
-5.533532404609587729e+02
-5.333316534122047869e+02
4.959010157954922988e+02
7.642984007862482940e+02
5.106081103555695222e+02
1.497200807870761707e+02
-3.108293226224149564e+01
-9.656347066778366184e+01
-1.988455779309904301e+02
-3.839569369026054346e+02
-4.390749798158113322e+02
-5.373721809243400003e+02
3.587925451493428000e+02
7.418684741614894165e+02
6.062741109388528002e+02
1.893224010087890576e+02
-1.091558905112578373e+02
-9.002062652375258267e+01
-1.933455201145106912e+02
-3.452854386974044019e+02
-4.040713499374083426e+02
-5.186338210597062925e+02
1.563191725239815639e+02
7.980797041757675743e+02
5.516543590227349796e+02
2.236928151740844726e+02
-9.630400190389124759e+00
-7.387974899680862961e+01
-1.729129241443425542e+02
-3.452993110582197005e+02
-4.245390178476304754e+02
-5.662919684603236874e+02
1.065301064271043430e+02
6.604221058323091711e+02
4.921203613550976570e+02
2.289507633603098213e+02
-5.861228204342694426e+01
-1.087452840757736112e+02
-1.939952300964408778e+02
-3.407538688005058134e+02
-3.909608064007144890e+02
-5.589282690077152438e+02
1.703503302219652937e+02
7.058456946447861355e+02
4.175852962695144015e+02
1.504023857442241194e+02
-1.303910054094941415e+02
-8.462277817432817528e+01
-2.624417439720632501e+02
-3.580877519812262904e+02
-5.272301248868517405e+02
-4.186182678189241528e+02
5.349600402774310623e+02
7.336774784495548829e+02
3.501289139130029184e+02
1.226788761828797902e+01
-1.093084267413705533e+02
-9.039708420356153340e+01
-2.978811721823001903e+02
-4.463688538882178705e+02
-6.268161141493662853e+02
1.645955816121880844e+02
8.181170705694049730e+02
5.799336087269472273e+02
2.731877042370871322e+02
-9.462952069192100168e+01
-1.489405014001164602e+02
-2.799036263425743982e+02
-3.565392424968069349e+02
-5.015505796087149406e+02
-2.344659696576133570e+02
5.725451811853582740e+02
6.534855600053550688e+02
4.531962166188681067e+02
8.843827668749466397e+01
-6.202131191115978481e+01
-1.941424229653919440e+02
-3.747981129110033294e+02
-4.358957356838982946e+02
-5.465061529747495115e+02
1.669484380712172822e+02
7.382331982988978325e+02
5.295674282039838090e+02
1.707074889659480732e+02
-8.422165885393364704e+01
-1.355860521675585062e+02
-2.674990357981378111e+02
-3.350413491238839470e+02
-4.837310159308872244e+02
-4.887671737955124627e+02
3.854394343725434169e+02
6.806705158837183944e+02
3.645725176555387748e+02
1.177483136002413886e+02
-1.112206900391005178e+02
-1.164810081461615141e+02
-3.104304817484539285e+02
-4.053233617966656084e+02
-5.595371255104993224e+02
-4.484235894392347745e+02
4.479515480980152802e+02
7.057976462360320511e+02
3.757302623453166461e+02
1.212101601246610159e+02
-6.371346866278278043e+01
-7.026241268612305646e+01
-2.316121151975803798e+02
-3.268427507277644395e+02
-5.423760880661452575e+02
-2.924640113377631110e+02
6.107658722469024042e+02
5.929478185409099069e+02
2.769993389354148121e+02
-1.073622752879339544e+02
-1.891675142283707203e+02
-2.095361431190130475e+02
-2.234133575305194483e+02
-4.320949155914547646e+02
-1.589511294182595975e+02
6.759074892198212865e+02
6.693263566614472211e+02
3.806061804550703300e+02
-5.421344514963356431e+01
-1.317336427252580506e+02
-3.005810836178911813e+02
-3.376362773337655767e+02
-5.441897544356447725e+02
-4.027777783193721461e+02
4.416206180038575440e+02
7.497841353506776159e+02
4.922879587853247472e+02
1.320591720440797303e+02
-9.072632155623078631e+01
-8.747714239748455611e+01
-3.023729095837981049e+02
-3.778644027689950349e+02
-5.651629956144464586e+02
-2.056445298622597591e+02
5.669851715653410338e+02
6.223007331734530680e+02
3.611035762840144230e+02
-6.116388824006666169e+00
-1.400618213625276383e+02
-1.520374221486067654e+02
-2.906500725032101968e+02
-3.366218917593745914e+02
-5.371971199597243185e+02
-1.736174715712419641e+02
6.195391795432041135e+02
6.092812348964915827e+02
3.321907652783434060e+02
-5.778356277229514859e+01
-7.327962349262479336e+01
-1.783207259576597892e+02
-3.331689843174105476e+02
-4.677419880548691822e+02
-5.939588995666491655e+02
-2.249406946180289708e+02
6.417299184720019412e+02
5.686385338829119291e+02
3.108146254097757719e+02
6.089204691647189094e+01
-3.091199828759394208e+01
-9.926639050374424755e+01
-1.785167760820904732e+02
-3.157107873903983659e+02
-3.977882080252819605e+02
-4.902675806224685857e+02
4.318364657468748078e+02
7.191421832608242539e+02
3.740393254119203448e+02
3.487759804727527779e+01
-7.573551483370339099e+01
-1.784964741981244174e+02
-1.681982509282974831e+02
-3.333855252998406513e+02
