-4.636938281675235629e+01
7.188996171266572333e+01
-8.193022041457695082e+01
-2.430399945857632815e+02
-4.495172751469895616e+02
4.201467709754081170e+02
5.243525271209340417e+02
-2.071989073851932872e+01
-7.777615716396492473e+01
-1.451561755144465167e+02
-4.239750712964494710e+02
-1.313475070706975316e+02
7.233455281584842851e+02
3.219213261102401589e+02
2.397028380677848958e+00
-1.353689277244916127e+02
-3.113715833452781112e+02
-5.877410584871712445e+02
1.504388297775740000e+02
6.471753036231107217e+02
1.768023969036819949e+02
8.230262277289334349e+01
-1.091007432461627644e+02
-3.002366062971603355e+02
-5.601527926120170378e+02
5.104627657873493973e+01
6.459474955457640135e+02
2.110317516886759677e+02
9.697082827314888576e+00
-1.684731517185657310e+02
-2.342975279001755098e+02
-5.433928670523494020e+02
-3.014706086045355846e+02
5.985547455507766017e+02
3.924177563671536859e+02
2.190927178310025525e+01
-6.737251402254959487e+01
-2.121939096862528515e+02
-4.276622502926539369e+02
-5.818433020015625061e+02
1.868622924296889778e+02
5.843005606706567505e+02
1.286443940698838446e+02
7.692134263256349413e+01
-6.415062888132993635e+01
-1.944211533929410507e+02
-5.456447399594434273e+02
-1.215545672093682406e+01
6.627405466246876813e+02
1.375234790837168930e+02
-5.236974868806343864e+01
-8.958150083030686517e+01
-2.775743684922977081e+02
-3.769408882667966054e+02
5.582029818905244838e+02
5.799846873686769868e+02
1.088508432278052567e+02
-1.264529997796102805e+02
-2.439458676149388907e+02
-5.936665678211968498e+02
-1.125374724908163699e+02
7.104529421358230366e+02
3.658902198511519828e+02
9.561370018720160147e+01
-8.980254969991153757e+01
-2.550946617206765552e+02
-4.988447538157893746e+02
-2.972357623324081146e+02
5.781077197578842970e+02
3.968555961325042176e+02
5.191448113327249558e+01
-6.965632357828336296e+01
-2.242060223098909546e+02
-4.496324823527634180e+02
-3.577419477535779606e+02
4.763024608721661934e+02
4.145397283681125487e+02
6.305433773054995328e+01
-9.975377516653513510e+01
-2.122045691549300557e+02
-5.596645616190980945e+02
-3.524928179891338687e+02
5.452306175152264132e+02
3.667118354861847820e+02
7.289779419088895906e+01
-2.609964025290037171e+01
-1.801903515070739275e+02
-5.393239873298325620e+02
-3.122405049767136234e+02
5.737447425683434403e+02
2.159723371242516805e+02
-5.514377387489473392e+01
-1.734010184229541949e+02
-2.044014267543580843e+02
-3.922537347838669461e+02
4.115916483312067840e+02
6.102170222488489344e+02
1.065364242859922683e+02
-1.602938832987553326e+02
-1.759814423390483000e+02
-5.121126978570587198e+02
-2.938945672492025665e+02
6.654902062562449601e+02
5.291232505647586777e+02
1.673051745112940409e+02
1.110224761400185400e+01
-1.769369817568974383e+02
-3.530493783658894245e+02
-5.272739837172168791e+02
1.665263620270869183e+02
7.860156814575493627e+02
2.257027600968488912e+02
3.905186055887691765e+01
-1.161712604417634793e+02
-2.137286928177737764e+02
-4.639430681958568812e+02
-3.499351105847647432e+02
5.805616178850920051e+02
4.054189859135902907e+02
9.669725948877442079e+00
-1.167669255729197744e+02
-2.907484697480173850e+02
-4.914483982889345270e+02
-2.503466523586911023e+02
6.243496654849490142e+02
3.817337415150949482e+02
-3.349577569042015313e+01
-8.349056516403319961e+01
-1.963902811792238197e+02
-4.438123421489192992e+02
-4.701964432730710541e+02
4.350179805228842156e+02
5.494738667231778209e+02
9.859713057466841235e+01
5.260679700684756455e+01
-1.328661730290298522e+02
-2.512888218903839288e+02
-5.684247198966749011e+02
1.412065476890512912e+02
6.167309195540178735e+02
7.637545909344494532e+01
-9.504413312654190804e+01
-1.271553267957843758e+02
-2.763093881530361386e+02
-2.684291237276242441e+02
6.300432622952585007e+02
5.327025387261054448e+02
2.401764043321673014e+01
-1.565654294347002349e+02
-2.910384168397049507e+02
-5.561537505734327169e+02
-4.449065338548086501e+00
7.552062860535315849e+02
3.308911992082893221e+02
3.392342998997411030e+01
-1.403683121816245318e+02
-2.170805761959774713e+02
-5.319561514816613226e+02
-1.321266137286394269e+02
6.395568869332749955e+02
4.064166242889780278e+02
4.023540055356062339e+01
-8.969777552114481978e+01
-2.147554268274870140e+02
-4.644083140261193421e+02
-5.028625152126115836e+02
4.547687736517081021e+02
5.483346714552775438e+02
8.260679666894279194e+01
-4.062497188836125162e+01
-2.160480125697555707e+02
-3.850515179146657374e+02
-5.619172854721741714e+02
2.385894982898106775e+02
6.239074769502720983e+02
1.296052739727808785e+02
-5.594164635184544210e+01
-1.800658466806241620e+02
-3.056198642304980808e+02
-5.709150738264547726e+02
1.425710369735507754e+02
6.662336558711098178e+02
2.635814949792798529e+02
8.902008232842779023e+01
-2.854603917536603674e+01
-2.006826444420264011e+02
-4.319943476018196407e+02
-3.535382640744269338e+02
5.654009296242282971e+02
3.953068478825822467e+02
-1.084908613849788317e+01
-1.025591478955013542e+02
-1.816910543626945866e+02
-4.487708113019396592e+02
1.643182112679100726e+02
7.368069877954246749e+02
1.915330348779513656e+02
-9.315107177400986416e+01
-2.642969375567918746e+02
-3.921723366440023142e+02
-4.785846439113939255e+02
5.271843626262758562e+02
5.343336869892181085e+02
1.257106982155627861e+02
-6.886755870210562591e+01
-1.741847413609946216e+02
-4.534504019272661139e+02
-3.815462066370334355e+02
4.987973635209169174e+02
4.364116255407603830e+02
8.027009686978463066e+00
-1.372632276670766487e+02
-2.431259836200329403e+02
-4.537623114006757419e+02
-2.591602290152628711e+02
6.268614598755984844e+02
3.161723928040952387e+02
-7.061945974897530398e+00
-1.270895584850320432e+02
-2.511151140948583702e+02
-5.642971190832271304e+02
-1.972838445662489164e+02
6.368523620058241477e+02
3.223801690064021841e+02
2.439376206397171742e+01
1.364878104676720660e+01
-1.592152911976441487e+02
-3.822621206418737074e+02
-5.317808016663938133e+02
4.165550374794648292e+02
5.251930398037652594e+02
-1.458013271800989763e+01
-1.605215987948327552e+02
-1.634928352626368167e+02
-3.866294266857373714e+02
-4.328752482221151499e-01
7.489448854405676457e+02
3.422662489485032893e+02
-2.250959583661174079e+01
-2.455279764553117445e+02
-3.703891033720139490e+02
-5.599516848675715437e+02
2.826270345901239125e+02
6.997580430423535063e+02
2.342796195367797054e+02
2.431553953273938973e+01
-1.439042040176346404e+02
-2.871585217917730688e+02
-5.631473072427587567e+02
2.114193328557442797e+01
6.121639426343899686e+02
2.148884014100499940e+02
1.096390188696746719e+02
-8.800524642957471144e+01
-2.646681588505571199e+02
-4.880823630743631725e+02
-4.583522123391302898e+02
4.920565688940455971e+02
5.602772458279860075e+02
6.075876794196314279e+01
-7.587737651198372646e+01
-2.258910912792973420e+02
-4.199104930819370907e+02
-5.231604439871948671e+02
3.379212409655750662e+02
5.731309999105005772e+02
1.428657855939816557e+02
6.082402077977684840e+00
-1.479872707088997572e+02
-2.650326769577745836e+02
-5.761620368851496323e+02
2.000681134514433097e+02
5.783634239605767107e+02
-1.418627269294857829e+00
-1.410036870138650329e+02
-1.355377336613279056e+02
-3.368086644314980731e+02
-1.694159281146903027e+02
6.501788094121742461e+02
4.197369104890556741e+02
9.919411277443542119e+00
-2.240813131057025487e+02
-2.970406299626204714e+02
-5.661171865854245198e+02
6.224356664105008008e+01
7.510043307181063028e+02
3.343254120350367202e+02
2.041478142460873357e+01
-9.446385764166603849e+01
-2.680353617855475932e+02
-5.706858180734778898e+02
-4.701949609784719541e+01
6.760170923222693773e+02
3.137056343912640841e+02
3.272842068086291079e+01
-6.446169373628335109e+01
-2.256911509284961710e+02
-3.999489240389045221e+02
-4.664001336695489499e+02
4.144228809459959280e+02
6.100159201723579372e+02
4.833952497668917658e+01
-1.930796706597334378e+01
-1.480229543845283331e+02
-2.708184822649987495e+02
-6.083779139686296276e+02
-2.423262919400902149e+02
5.967349496822738502e+02
3.538149508855505019e+02
1.639328583771946413e+01
-4.367726961608961034e+01
-1.673941670685988470e+02
-3.068631732082187682e+02
-5.537828784835369333e+02
3.400363684446718366e+02
5.994633811962972914e+02
2.295874661777168413e+01
-1.023107044986107610e+02
-1.657629399203733271e+02
-3.685428611430332921e+02
-1.982021889212570045e+02
6.668805274509655874e+02
3.769445695872821602e+02
-9.617935201499021147e+00
-2.094120455477833218e+02
-3.138070351260780626e+02
-5.166369635256502306e+02
1.909875382001993955e+02
6.860289852114590303e+02
2.618318805053827418e+02
-2.116255938845310780e+01
-1.411478869490326815e+02
-3.743956538666620304e+02
-4.042080873702511781e+02
4.539058100417402102e+02
6.094568074415167303e+02
1.062934859833619612e+02
-1.585835253533692253e+02
-2.104050989975447976e+02
-4.621813154008544302e+02
-1.206926642474986124e+02
6.424170907080631423e+02
3.656776268150339320e+02
6.081862521812183076e+01
-1.743836953561551866e+02
-2.873230790586234775e+02
-4.976586971780950535e+02
3.970055819602546165e+01
6.693684955523743838e+02
1.850736691986878384e+02
1.410222427173331283e+01
-1.512613616467144197e+02
-3.519118960846470259e+02
-5.989299403175353973e+02
6.461562137250899696e+01
6.119124464677310016e+02
1.949979420298459729e+02
1.011253480921066767e+02
-1.053045485454066181e+02
-1.909133027364696034e+02
-5.188462507103904500e+02
-1.379450563728194084e+02
6.551631322856677571e+02
1.308881465429662398e+02
-7.824644089503026123e+01
-1.051943226947003609e+02
-2.964496450651787995e+02
-3.373734385851208799e+02
5.527868779489114104e+02
5.394831578068509543e+02
6.437156344718202661e+01
-1.707022354125856509e+02
-2.507286597551406828e+02
-5.444787673771679692e+02
-5.323886310127049626e+01
7.302755354561534205e+02
3.487258925661079729e+02
2.294737896532481258e+01
-1.088658372316259886e+02
-2.217307233389019245e+02
-5.495222343175497599e+02
1.311259845873917413e+02
7.212027067580301036e+02
2.625181383804036273e+02
5.772869907984727433e+01
-1.595218074343072203e+02
-2.970246808885767678e+02
-5.793551830567198522e+02
-4.560421199333869424e+01
6.964851917145995230e+02
2.865628899483951955e+02
2.003375374985793655e+01
-8.353838215444534399e+01
-2.723901314529809383e+02
-4.660154309621526636e+02
-4.824519139253689559e+02
4.388500908830606591e+02
5.541168254614274247e+02
8.822801679661621677e+01
9.643576559028650408e+00
-1.278429881781435427e+02
-2.511392191030631409e+02
-5.857392880309695329e+02
-1.353460082939576523e+02
6.973447160901238249e+02
1.771398500533094307e+02
-4.731335421045375966e+01
-1.275077573602969210e+02
-1.482606588024902408e+02
-5.278013187605607754e+02
2.079626951550271841e+01
6.839045940479013552e+02
1.742546714054275299e+02
-5.931256806647752455e+01
-1.525939875524260003e+02
-3.785177558998634026e+02
-5.907570529317783894e+02
4.013234426584126027e+02
6.982274570041054176e+02
1.776422931556330127e+02
-8.390944419262433840e+00
-6.617129463342996587e+01
-2.576355432064688102e+02
-5.144711516478414524e+02
-1.706275766357349539e+02
7.339334993639594131e+02
4.382739804072951415e+02
7.201353667083590437e+01
-9.997712684605311040e+01
-1.756380095273734412e+02
-4.227047866164177776e+02
-3.784396047666754157e+02
5.211927993473993865e+02
5.814959691788405962e+02
6.343101925776823435e+01
7.247256329358656046e+00
-2.235716929884660260e+02
-3.268735300432031181e+02
-6.043870650793810455e+02
1.530625268881184375e+01
7.083126112166054327e+02
2.329361139865880261e+02
-2.493605667607278065e+01
-1.121738414868909075e+02
-2.575776288374699448e+02
-5.020847348416581326e+02
-4.602514883432191937e+02
4.043994346898156209e+02
5.490918306282102321e+02
1.226687095450473635e+02
4.315305782687522651e+01
-1.185690849136392302e+02
-2.375971310476863607e+02
-5.485367028756276113e+02
-5.547125030545390700e+01
6.492367913169066469e+02
1.464263843987693292e+02
-1.057892365250920221e+02
-1.418161653777368656e+02
-2.234334574120660193e+02
-3.879887556547644749e+02
4.292391662348762225e+02
6.608142345727679867e+02
1.251857499338410804e+02
-1.534213874324223923e+02
-1.837064593482328405e+02
-4.871815094154333110e+02
-3.640203395216455533e+02
6.236806756592526426e+02
5.616714250941703312e+02
1.639891054706387195e+02
-6.514840859956920838e+01
-1.654020934203643378e+02
-3.883758517499489926e+02
-4.363153209565231236e+02
5.135140907276941107e+02
5.693395239186704657e+02
1.234760685333080517e+02
-6.804720560680543429e+01
-1.819951239766768651e+02
-4.083113186490380144e+02
-4.505903696260541551e+02
4.800593476111332052e+02
4.911439416499092090e+02
5.564400779549482934e+01
-1.158491883172625734e+02
-2.250201219895807583e+02
-4.575340206384242947e+02
-3.983074068658598890e+02
4.582329618932699873e+02
4.772044008350335957e+02
5.431793887165191848e+01
-1.162422133722614132e-01
-1.755599809366437398e+02
-3.375980322337701978e+02
-4.937210614255841961e+02
3.954016959294149842e+02
5.124258195393730375e+02
4.362699378564835939e+01
-1.145675827595833027e+02
-1.257468380503135421e+02
-4.028875676370938095e+02
-2.258509493272069051e+02
6.525970538773432281e+02
3.373822259944164443e+02
-5.132264414678389386e+01
-1.817423459015182061e+02
-2.394093622284455876e+02
-5.408813431371391971e+02
1.487368037890281300e+02
7.357828036779408194e+02
3.035376121233609297e+02
9.867699767390638144e+00
-1.745028116684036092e+02
-2.612845750809959213e+02
-5.031522298795099459e+02
8.111108749205361335e+01
6.762873871244325983e+02
2.906479664184221292e+02
3.290609123829776905e+01
-1.059550905633324902e+02
-2.198756832193431023e+02
-4.813835977789930780e+02
-2.057879962440458428e+02
6.439849094072800426e+02
4.114580165645015768e+02
7.681888406812895198e+00
-1.075541553407930024e+02
-2.138887849876657867e+02
-5.197724069382294374e+02
-2.463486739390829143e+02
5.683767131639150421e+02
3.470868162460939175e+02
2.247149004737352840e+01
-6.259198545895873167e+01
-2.323306857071721083e+02
-5.363829024284440266e+02
-2.838455968464415946e+02
5.930825559781935681e+02
2.219632827267123218e+02
-7.340009783396456555e+01
-1.527421970449291848e+02
-1.856350045624949701e+02
-4.900902930345921504e+02
2.829328812853971726e+02
6.011811473815321278e+02
1.052333352944479827e+02
-1.564027183987121248e+02
-2.327918224088078603e+02
-5.077319114161762172e+02
-3.835130008639912944e+02
6.480250613045980117e+02
4.895886603536121697e+02
9.915702149349183969e+01
-9.879688070487297580e+01
-1.649418970435006599e+02
-4.654447151025405560e+02
-2.651031431853962204e+02
6.263243271034962163e+02
4.694044688332728015e+02
9.198032166810261856e+01
-4.787305704252788985e+01
-2.089349389891580984e+02
-4.809605830816403795e+02
-3.501719376728797215e+02
6.141084434795363904e+02
4.401772434634269757e+02
1.148912363153571786e-01
-8.754209913760914219e+01
-2.507197612385461412e+02
-5.096162223000577001e+02
-2.271143964928588730e+02
5.961110817353431912e+02
3.735548324955448720e+02
2.386507138867393607e+01
-9.147649746880254895e+01
-2.929099988496247420e+02
-5.620198097481688819e+02
-4.090746273007765126e+02
5.491540010638876765e+02
4.500920721276447125e+02
9.285470068744193384e+01
9.373557629670637326e+00
-1.942864242450411041e+02
-4.306009504616034178e+02
-4.727127967808241351e+02
4.831756891176516433e+02
3.339336249002866452e+02
-7.150950613777582987e+01
-1.365764758063803868e+02
-1.716640345381630084e+02
-5.173528665441207295e+02
1.673343534884344308e+02
6.819606926853381310e+02
1.669873699953453752e+02
-5.786298434598398899e+01
-2.192586609841769985e+02
-4.310779081371914572e+02
-4.400699315422968994e+02
5.385206097069274165e+02
5.643325697138792520e+02
1.635700161224613964e+02
-7.729705663461895426e+01
-1.857934441874396612e+02
-4.790591533826724344e+02
-3.418210788542254477e+02
5.722374230022951451e+02
4.937251418566406755e+02
1.243516730031780213e+02
-6.400421704257064448e+01
-1.961038916478421754e+02
-4.361447431382826494e+02
-4.476417263208954864e+02
5.795481839372998820e+02
5.048355375036922510e+02
1.129652708641832248e+02
2.076935962293916305e+01
-2.012971252447686652e+02
-4.261257112583625144e+02
-5.912825712314685234e+02
3.053185152569232628e+02
5.862605215645676253e+02
1.382286589160222263e+02
3.168189781908881741e+01
-1.552742380641155080e+02
-3.220651358159622646e+02
-6.393296377911111676e+02
1.248468955014258057e+02
5.649241120428436034e+02
5.423320892512290925e+01
-1.433787309564917791e+02
-1.301185713052497306e+02
-3.546250864875063371e+02
-3.435154990347854778e+02
6.003388103972380350e+02
4.204974363350649469e+02
-2.347018965675763980e+01
-1.882662706229553748e+02
-2.015006160747327044e+02
-5.736803286161901951e+02
-1.497573892556772250e+02
7.589400450478357243e+02
4.259027623957052811e+02
9.651217975619660194e+01
-2.170561938224766863e+01
-1.917940194171067674e+02
-4.544562473207049038e+02
-4.607337401086709292e+02
4.843315177891474832e+02
6.321636142696290790e+02
1.491503891918779630e+02
4.370166512991730201e+01
-1.739037902666882758e+02
-3.030306476231141914e+02
-5.118114857799093329e+02
2.489000012158881248e+02
6.258993655935621518e+02
1.720303742166939855e+02
7.723163403225673518e-01
-9.471468211306192586e+01
-2.909825524457396000e+02
-5.316633622124338672e+02
4.501627389617640063e+01
6.917473472204458176e+02
2.137053211821068999e+02
1.706943047040286388e+01
-1.711726168378026784e+02
-2.376147968752680981e+02
-5.751214763918779909e+02
-2.376281243448673877e+02
6.273724317909974388e+02
3.778790575735739026e+02
3.037888409960626390e+01
3.127645169859069263e+00
-1.963638889645841914e+02
-3.463543782386674366e+02
-5.345385425798000369e+02
3.431388797402750015e+02
5.571678337760544082e+02
-2.896012492884894840e+01
-1.228395595086426653e+02
-1.772065043460335687e+02
-3.843510517113990659e+02
-1.652353211446699390e+02
7.036542715605756939e+02
4.479081328698331959e+02
5.071641181126360465e+01
-2.280215371047907809e+02
-3.286155286010670693e+02
-6.226878082507996623e+02
4.725577843192368732e+01
7.870134476386326696e+02
3.554474804055477080e+02
7.700605169666373229e+01
-1.232881722302817735e+02
-1.968112507188867255e+02
-5.409555200180840302e+02
-1.886865664676157621e+02
6.521515644086498469e+02
4.367172840239830407e+02
8.975048775730367367e+01
-2.714589345386382391e+01
-1.476684098290585041e+02
-4.127603844071231265e+02
-4.485623488678310764e+02
4.498177086324308789e+02
5.688919382941277263e+02
8.163091297955823222e+01
1.415004809298063471e+01
-2.160229904079043592e+02
-3.330872584409967203e+02
-5.223912866546360192e+02
3.148924045048410676e+02
5.745176085401518549e+02
9.765599583969553521e+01
-5.648297741312660492e+01
-1.478646470097895644e+02
-3.832330467075300362e+02
-5.919127836373390892e+02
1.656640593664127721e+02
6.489367502361067181e+02
1.485590325596741650e+02
3.301687745560801801e+01
-1.758584879942447969e+02
-3.055235715731901109e+02
-5.922415141378384078e+02
2.097188446670714654e+02
5.515290595925812340e+02
-8.187845277649039577e-01
-1.450837237039830541e+02
-1.008351396771914352e+02
-3.609693262978482267e+02
-1.131389757694684874e+02
7.004379628138693761e+02
3.655441922689481089e+02
-1.005616643351346227e+02
-2.651368941371225105e+02
-3.701915909659929866e+02
-4.745755038285373075e+02
4.260312340398411948e+02
5.861339196331867925e+02
2.118981788426332287e+02
-5.351494870246363433e+01
-1.892846020041591828e+02
-3.936772636445821263e+02
-4.482706328771171798e+02
3.755475040008352039e+02
6.563207391892672149e+02
1.177680815708902031e+02
-2.143229184302212431e+01
-1.313734715768314345e+02
-2.808140438048983469e+02
-5.247705909809159266e+02
1.635027359134942060e+02
6.711592509427515552e+02
1.666425680291590936e+02
-3.551356817557638124e+01
-2.190795235810313955e+02
-3.164924424622138304e+02
-5.564771586048042309e+02
-1.810484612831100737e+00
6.772771129038862910e+02
2.311759055042885791e+02
2.922038443893721915e+00
-7.332279254478730479e+01
-1.970974296404119457e+02
-5.124031886656706547e+02
-1.188402940297039976e+02
5.944643332410010999e+02
1.316752054817212070e+02
-1.418505200907279402e+02
-1.084526583924011334e+02
-3.588592376418453682e+02
-4.047443890328325438e+02
5.420806253763058749e+02
5.665463449864357699e+02
1.279555904400795043e+02
-1.088602276689986468e+02
-2.756578013551702497e+02
-5.226037997243140580e+02
-4.384661359501571383e+02
5.963526286428839285e+02
5.444677211582334166e+02
1.882503213036000034e+02
9.757543889996273379e+01
2.084084795649750177e+01
-1.970254949826611153e+02
-3.400666624470581496e+02
-6.470833264954881088e+02
1.584497225244907668e+02
7.473520747742650201e+02
2.585398951076040248e+02
8.156239354934588448e+01
2.745406034914812921e+01
-1.965506342682579088e+02
-3.783399947050097580e+02
-5.826974056374849624e+02
1.276699868810586906e+02
7.277561061433235636e+02
2.719746749795700680e+02
-1.256008476984151523e+00
-1.732444121694184389e+02
-2.811757686903058584e+02
-5.188907326574961871e+02
-3.607089857464405327e+02
5.386043890197370274e+02
4.947526718841983779e+02
-9.712541609290381572e+00
-5.303502860474203118e+01
-1.991202376569033561e+02
-3.500872701885626839e+02
-5.302725647528415038e+02
1.969378495938252058e+02
6.172969986653215528e+02
6.149521911975440247e+01
-7.339132935616302689e+01
-2.011161223457244205e+02
-3.022828420258012443e+02
-4.361163355249902907e+02
4.770924930573485199e+02
5.659185049025164744e+02
7.350360447968670030e+01
-1.484616088195627412e+02
-2.378521223391119293e+02
-5.356388789540991411e+02
-2.280838736197985952e+02
7.175147065541688107e+02
5.382645888039689908e+02
1.171597028045781741e+02
-7.163026008589054072e+01
-1.968708437153232751e+02
-4.281729280272092524e+02
-4.258060454270304263e+02
4.760536313818502094e+02
6.325817988865575217e+02
1.814225157259989487e+02
3.585371584345866225e+00
-2.026754863768620964e+02
-3.772617036047432180e+02
-5.502546338130706545e+02
2.829135250740409901e+02
7.069499147553951843e+02
1.478174287509001203e+02
-5.618620217619058366e+01
-1.417188313973150287e+02
-2.679203202986255405e+02
-5.481625900942250382e+02
-8.075298699714184636e+01
5.883358611904063764e+02
2.902645770975136656e+02
-1.881306440647108857e+01
-8.583122167334546759e+01
-2.809016062122536255e+02
-4.968411289427675683e+02
-3.612330061357159821e+02
5.726252644230766009e+02
3.781950062686190677e+02
-4.372658742750610372e+01
-1.711309503205025351e+02
-2.005808826326643839e+02
-5.345393717636869724e+02
-6.656699974851788681e+01
7.206496872430644771e+02
2.509842284306213287e+02
-1.941476563826986990e+01
-2.029430950981025035e+02
-3.677995685803280139e+02
-5.611755075206962147e+02
3.847396866528227406e+02
7.214447777142460154e+02
2.390080354279608628e+02
-7.423975236631393670e+01
-2.226185840963306930e+02
-4.330468558446466432e+02
-2.506156826069485533e+02
5.844544438156705155e+02
5.116904712633898953e+02
1.105463065069615425e+02
-1.360709704241263296e+02
-2.656919942090839299e+02
-5.076459620780710793e+02
-1.186100464835069062e+02
7.052094922526194978e+02
3.691864487380839250e+02
8.553418226851071893e+00
-8.253776987133278453e+01
-2.648892662612644813e+02
-5.498697024187808893e+02
-6.770007382509540150e+01
6.780186129273776032e+02
2.716891851887023677e+02
5.481529661665250686e+00
-1.184253328526847611e+02
-2.904945427759904533e+02
-6.337974815629173690e+02
-4.791677468345438484e+01
6.884664729701653414e+02
2.214191663925851969e+02
2.052963361550577304e+01
-1.169197079798705801e+02
