-2.966748241315924872e+01
1.440507599560893368e+02
1.132919519780512303e+02
9.866880748547640678e+01
-1.256779844611829873e+02
-2.330297319907018903e+02
-3.264247918059593871e+02
-3.557810338247582536e+02
-3.867532792826146988e+02
-1.364241131390687372e+02
4.974982318554830272e+02
6.852402869077208152e+02
5.364598946679878964e+02
2.640597049134664189e+02
5.057069526189255093e+00
-5.955717163685175564e+01
-1.050280044159690362e+01
-1.055171463818260094e+02
-1.894559655400787506e+02
-2.614888878404171919e+02
-3.451770772165895096e+02
-3.775324368855435750e+02
-9.647938263697660943e+01
5.544589503827786530e+02
7.161637522686417014e+02
6.190449137722307569e+02
3.858743070262731862e+02
2.086157623537601182e+02
-6.067583523372672261e+01
-2.133983308076700069e+01
-1.400631462183264944e+02
-1.875722675435736733e+02
-3.407790970744133574e+02
-5.065781979127902446e+02
-5.230378734290544571e+02
-4.409296540611702540e+02
2.018548979753168169e+02
5.895698642537745400e+02
5.854567414648136037e+02
4.293503397013010954e+02
2.611190939359257186e+02
1.010280033234633521e+02
7.313539641158784832e+01
4.750630691921602278e+01
-6.807773805901479136e+01
-2.268877546431985763e+02
-3.024985239451007715e+02
-3.989309164641628058e+02
-5.084011429798781592e+02
-6.348079268461369793e+02
5.050148286325515556e+01
6.007461160833199756e+02
6.026938020978022905e+02
4.789659395284733705e+02
2.473975545829847817e+02
1.438639968606312038e+02
9.890041556713294213e+00
-2.271274488433175875e+01
-9.813683266323369025e+01
-2.018050197020961889e+02
-2.848770552771580356e+02
-4.243807521030505541e+02
-4.394639502710556371e+02
-5.654590418406822891e+02
-4.262891128358500623e+02
3.640606895581628919e+02
6.063106196261999230e+02
5.476352096968583965e+02
4.670905452556755222e+02
1.881811975923028513e+02
9.510011795366207821e+01
-5.825982614538365567e+01
1.312372727890073598e+01
-1.770257619176356627e+02
-1.675364393168950699e+02
-3.349183876308155732e+02
-4.167044022022916465e+02
-4.745280617095464208e+02
-5.412174706903119841e+02
-3.950104541892386578e+02
3.255639681223382809e+02
6.611939912320782469e+02
5.635816737195615360e+02
3.700968930684253451e+02
2.061911763434403611e+02
4.554716507837784434e+01
4.830489646081284860e+01
6.056559663810995175e+01
-5.084995691204889567e+01
-1.895863716489783428e+02
-2.883572710563576038e+02
-3.856494281185769637e+02
-4.680950808926785385e+02
-6.046316989014313776e+02
-1.731826160742084255e+02
5.462737538074529766e+02
6.923301340359914775e+02
4.832066976970068595e+02
1.747042626994866623e+02
-3.589440039522573400e+00
-8.706663430146979010e+01
-6.398611831775557590e+01
-1.578000882814794750e+02
-1.180785232966038620e+02
-2.314340593689309173e+02
-3.062261488408300920e+02
-3.894088025690617769e+02
-4.771964915930200668e+00
5.694822732021995080e+02
6.581689268705409859e+02
5.569390423845833311e+02
2.754443000613907202e+02
5.422434089043574801e+01
-1.097723180336124500e+02
-1.771760943456951907e+02
-2.298970322737079073e+02
-2.951004503079914798e+02
-4.110220153325354318e+02
-4.381284915218575406e+02
-5.390604731877161839e+02
-2.232367872640556925e+02
5.055064022137696611e+02
6.260115229413727320e+02
5.532819529593059542e+02
4.016686121694919507e+02
2.041983263353987184e+02
7.780230904567414996e+01
3.610489466040693429e+01
-2.456310718605729448e+01
-1.351397812315744318e+02
-2.201587725161779758e+02
-3.237509852976634193e+02
-4.494858311737532972e+02
-4.968148858051873731e+02
-3.886992665414149997e+02
2.297454069572200979e+02
5.938518927056455823e+02
6.203089165771568787e+02
4.421567049702839540e+02
1.994605712466174054e+02
-1.069133714150227554e+01
1.663148390929183407e+01
-7.985109826372703878e+01
-1.472634726452190534e+02
-2.866882406879850578e+02
-3.238538521979675693e+02
-4.286942256638623121e+02
-5.093396012815996414e+02
-3.890082361067100010e+02
1.394661994493362158e+02
5.400453483189031658e+02
4.492314360763755872e+02
4.260325677561965563e+02
2.058028144930604242e+02
-7.790537262428923526e+00
-7.400291634869375912e+01
-1.047186738982312271e+01
-1.137454993821678073e+02
-3.167366400972975953e+02
-2.736861661962738594e+02
-4.877361444588125323e+02
-6.242142336607321340e+02
-4.628202972187266369e+02
2.620800008107423764e+02
5.698464587104308521e+02
5.819088851280276913e+02
3.869244681433068536e+02
5.065996157748621442e+01
1.686698437517732430e+01
-4.694540038338644905e+01
-1.485304337470941149e+01
-9.546758027914930267e+01
-1.785941245028403443e+02
-2.615922856972984505e+02
-4.578697384822121421e+02
-6.315944469840669626e+02
-2.967789611854856275e+02
2.853076723789064886e+02
6.207352254692015094e+02
5.427083966762189675e+02
2.064091493437008467e+02
5.942028351217483362e+01
-9.924746189810493036e+01
-1.062820864692586440e+02
-4.556555443540988648e+01
-1.724393798155184072e+02
-1.845290973013634357e+02
-2.826074411912232449e+02
-3.464234792896005501e+02
-1.807473708695007417e+02
5.143400775230530826e+02
5.942513946735419950e+02
5.223337182263198883e+02
3.932871880557786426e+02
1.115480907122337584e+02
-2.031227018480384174e+02
-1.227414940675569426e+02
-2.281346845799433538e+02
-2.439537814940520093e+02
-3.457569541990394555e+02
-3.729046389986473287e+02
-5.650826649993936144e+02
-3.246636799168592802e+02
4.019844877903592533e+02
6.233677856550765455e+02
6.963069037123497083e+02
5.214198794898279630e+02
2.870659328792474412e+02
5.060326293273887899e+01
4.468618291354970751e+01
4.720635117462640551e+01
-7.660113833652275162e+01
-1.710911247976573009e+02
-2.395230222750663813e+02
-3.787521749022065478e+02
-4.278784193197887475e+02
-4.806069383094532554e+02
-4.735958485017845305e+02
2.845836819008065959e+02
7.751275534740190096e+02
6.151095678846535293e+02
5.559883889108940593e+02
2.879076406120288993e+02
5.974104796802657802e+01
-4.281572144891446108e+00
-3.120383180431037573e+01
-6.440336723439587274e+01
-1.389785003330934785e+02
-2.858527665382487157e+02
-2.732370215671359688e+02
-5.041434753433210290e+02
-4.904597298190060997e+02
-4.185841618012207164e+02
1.406336789617294869e+02
6.575045294536565734e+02
5.873429869899865707e+02
4.752850446625209315e+02
1.576801127191609737e+02
-6.632150339932413319e-02
-6.801787370907143027e-01
-1.491951623545805319e+02
-1.165234673191832258e+02
-2.775302425706476583e+02
-3.280689743550430535e+02
-4.871508169222242941e+02
-4.524877273085759271e+02
-2.923444763187309263e+02
3.646841277451463270e+02
5.905940691373612026e+02
6.088525503286155072e+02
4.270133382006004581e+02
2.628225245825990442e+02
-2.238482207595379947e+01
-4.534540059315943950e+01
-1.390343058245926215e+02
-1.082326498623940978e+02
-1.705679366726865851e+02
-3.935787093541557624e+02
-4.488376530258907451e+02
-4.599938522108495818e+02
-5.522248844407079105e+02
3.779859493259235137e+01
5.646014099869189522e+02
6.682436966127256710e+02
5.853017091786094852e+02
3.343841277681678434e+02
1.873963444639874751e+02
3.247660975912616976e+01
-2.814098566558549841e+00
4.068931128068808789e+01
-5.023850092645064080e+01
-1.490618551889591004e+02
-3.200809213061040737e+02
-3.215038421649615543e+02
-4.689812254187801841e+02
-4.691411443746130203e+02
1.728006946887637127e+02
6.585799022402945866e+02
5.387424263477034856e+02
2.977759449351644889e+02
1.048683822531960885e+02
-5.124162281028654320e+01
-6.083579179081633725e+01
-8.660018888465663167e+01
-5.206474128377226407e+01
-1.513027953015002538e+02
-3.018440838740798995e+02
-4.205652202802071997e+02
-3.177490133935229437e+02
1.737514146320319810e+02
7.109834131354616602e+02
6.111690362000986170e+02
5.125953425188846495e+02
3.119985648297729313e+02
5.684804838330959598e+01
-1.771358433589396384e+02
-1.878658091009996838e+02
-3.142518916175662866e+02
-3.365405346206376862e+02
-3.706282165925899790e+02
-5.761652821586963000e+02
-5.665075013257091996e+02
5.490319668868168179e+01
5.676864757520486364e+02
6.670707284858789308e+02
5.610078915724366198e+02
3.890843147115276111e+02
1.597503407970944522e+02
2.931260201695949252e+00
2.132188550657332016e+01
-9.049413721537098354e+01
-1.922644503185896383e+02
-3.068457361372537662e+02
-3.074431011845164790e+02
-3.906542593785042072e+02
-5.866529725084304800e+02
-2.626690557818460547e+02
4.732685584483649563e+02
6.388169907647962873e+02
6.443133800274947589e+02
4.393059943098474491e+02
1.204574200327857483e+02
-9.023765478888603297e+01
-8.962055680619489095e+00
-8.866511407069464212e+01
-1.038076650280065110e+02
-2.094293429989560877e+02
-3.330315902979237990e+02
-4.374812760037972339e+02
-5.071990420908462625e+02
-5.628284144797504496e+02
-4.999588068501501681e+01
5.615332278829763482e+02
4.871952350705284971e+02
5.003143353669438511e+02
3.000309444731810800e+02
1.180309602339636399e+02
4.617434949925559806e+01
-1.885827061889736456e+01
-5.809828140899029592e+01
-1.444812821134291596e+02
-2.398106118878983466e+02
-3.449679073795870181e+02
-4.781465998624993858e+02
-5.397691514203733050e+02
-2.893875784380681466e+02
3.594613453335542772e+02
5.829544238988216875e+02
5.525358745743078543e+02
3.908664710695816780e+02
9.831401846229840658e+01
-3.210309161275004541e+00
-4.326095013295778102e+01
-1.160944620756726096e+02
-1.908435008919367135e+02
-1.919655254869243493e+02
-4.122920587048986363e+02
-4.424668908219014725e+02
-5.778770500844516391e+02
-5.254456426380476159e+02
1.843710295495387754e+02
5.830135701997127171e+02
5.981644247557925382e+02
4.244727754396515707e+02
2.327121042498057477e+02
6.187722625262669851e+01
1.074579028243791470e+02
3.968768884725516699e+01
-1.019257399017311627e+02
-1.228615753507556008e+02
-1.820612177896068715e+02
-2.919039414325250732e+02
-4.028864520545956225e+02
-4.782910683650234773e+02
-4.343424411773255542e+02
1.474311654135633773e+02
6.622524137741071399e+02
5.574322734155565513e+02
3.657346840504978331e+02
1.173750835254455183e+02
-1.535213011329208221e+01
-7.374481814953610126e+01
-1.570173879643979831e+01
-7.560627956290107932e+01
-1.982406464925520879e+02
-3.458313915346278691e+02
-3.933759146576750254e+02
-3.499266134180782046e+02
1.782017519958540959e+02
7.122657036268823276e+02
6.128449211228758031e+02
5.011714854768247847e+02
2.984219293176789733e+02
-2.189514046073405140e+01
-6.858421756801102731e+01
-1.343151088617079552e+02
-2.900793134584415043e+02
-3.753849606028497305e+02
-4.756109716900523381e+02
-4.928487322698628077e+02
-4.886082166526938408e+02
3.916537872432175504e+01
5.968194348989461560e+02
6.922300151301413962e+02
6.134113093030124446e+02
3.938008385166808694e+02
6.735266369948020326e+01
-2.892703640358045902e+01
-2.599301848140930105e+01
-1.028390982151762216e+02
-1.825908196200414011e+02
-3.522102475184724426e+02
-3.752197679570003288e+02
-4.525821762295258281e+02
-4.807949614731082875e+02
1.058654199379647594e+02
5.779725814679932228e+02
5.529097381974811469e+02
4.652373109749280502e+02
2.449546091056055843e+02
-1.456426985436535126e+01
-1.908104893919366134e+02
-1.420971775185875003e+02
-1.763888724203097524e+02
-2.389188740936447459e+02
-2.490915029418633821e+02
-4.231240705402666435e+02
-3.766060495929003764e+02
-3.051589196117624283e+02
3.708571161805615475e+02
6.974384584697930904e+02
4.774072288143574951e+02
3.581332601855862663e+02
1.210496682526221406e+02
-5.112997095445004447e+01
-3.799979381795388633e+01
-4.531710190223883217e+01
-1.904631515310420298e+02
-2.362482725482300907e+02
-4.164560931710463478e+02
-4.386292630781751427e+02
-6.335806830208414340e+02
-2.930025524290044814e+02
4.610097282688130349e+02
6.092273502906972453e+02
5.106621977581292526e+02
2.846043308151211022e+02
1.265352299333726904e+02
8.442173882580389943e+01
7.571137160400782307e+01
-3.764692157303691289e+01
-7.508280190147216615e+01
-1.280632165626714425e+02
-2.850938901735852937e+02
-3.265471326734851800e+02
-4.879703693964996205e+02
-5.491206509336506087e+02
-2.509796165537435968e+02
5.034596139465536453e+02
6.532293538726233919e+02
4.925955564145952508e+02
2.716910266592075800e+02
8.693746309393097249e+01
-1.243207189786713798e+02
-4.076731955383802131e+01
-1.113998552351476263e+02
-8.540873547555388257e+01
-2.779989775639543836e+02
-3.508862011169072161e+02
-4.007754093083376574e+02
-7.926193112467123569e+01
6.202671176116247125e+02
6.835523425583246535e+02
6.017844257155159085e+02
4.155185522967066163e+02
1.117101021201352751e+02
-7.814444853488330978e+01
-1.948424760953359396e+02
-2.125288294706549266e+02
-2.731284152878397435e+02
-3.433942560896415443e+02
-4.175983665511677714e+02
-5.528625097431047379e+02
-3.882550355296593239e+02
4.337991858540398766e+02
7.236877021553501663e+02
6.328548135163180177e+02
5.201871136697124030e+02
4.109516111171094508e+02
3.641144294353375699e+01
-3.545709796925144985e+01
-1.275003400198766030e+02
-8.896245977123713544e+01
-2.863105994409626760e+02
-3.467020874404680058e+02
-3.880860877425026843e+02
-5.202327283542383611e+02
-4.966034992578244101e+02
1.585612780585213102e+02
5.706428096718357210e+02
5.563188693998250756e+02
4.313993564618900223e+02
2.804356028334923394e+02
6.125737312188461914e+01
1.109191196652553515e+02
3.088096592162118270e+01
-7.530903386965871960e+01
-5.405857649605110282e+01
-2.614936100078505774e+02
-3.444961156591277245e+02
-4.237619623138918996e+02
-5.182832591564832683e+02
-5.190197823977183589e+02
7.373639254508599095e+01
6.403367698458366704e+02
5.769936162888940316e+02
5.757437785262101215e+02
3.140944548264074001e+02
7.839330977220764396e+01
-4.437014508339586172e+01
-8.696707399839591801e+01
-1.383175582535317858e+02
-3.200706457630849400e+02
-3.276505973809779562e+02
-4.488715421719568326e+02
-5.412065103621071103e+02
-5.341332685881717453e+02
-2.337154921558671958e+02
3.765676574088460029e+02
5.917594853818324054e+02
5.281101902285672622e+02
3.117613683701733862e+02
1.546006362060770698e+02
5.487257441737503072e+00
3.110155270772751379e+01
-1.040436199160100550e+01
-1.092737123326804607e+02
-1.772947793467498627e+02
-3.587273117405501921e+02
-3.846503165079695350e+02
-5.440831545095879846e+02
-4.159883498801723363e+02
3.009502519907821352e+02
6.770132310586193398e+02
5.103163226148795388e+02
3.063954025295561792e+02
9.201988409240537692e+01
-5.575426978502577668e+01
-1.273201602547963773e+02
-9.992224595893111427e+01
-1.697035076978530128e+02
-2.126453167147752765e+02
-3.074977169092614986e+02
-4.352803386670169630e+02
-2.779001580280360599e+02
3.136781762616745368e+02
6.447674863061665746e+02
6.652030635740974276e+02
4.699739821588663062e+02
2.542968587694084590e+02
6.375663776751048673e+00
-1.483450921876428765e+02
-2.333025521963681967e+02
-1.909021534172515260e+02
-2.361846490549482951e+02
-3.669071067162647637e+02
-4.129307439173016405e+02
-5.293992705919439459e+02
8.482333246316028408e+01
7.525223521629867491e+02
6.957265385838004477e+02
5.896079754059024935e+02
4.345325913720028552e+02
9.653634185978857829e+01
-3.240621671112902646e+01
-4.824767424784538150e+01
-5.224089557020005969e+01
-1.965918043139029123e+02
-3.529787056692979945e+02
-4.352897996375752996e+02
-4.599293182137613485e+02
-4.605813312110097399e+02
-6.677231858876552906e+01
5.989267137033415338e+02
6.925328827333778463e+02
5.018618138393931076e+02
3.398116484521734151e+02
1.270993137465233502e+02
-1.490584852998710019e+01
5.596464442065305178e+01
-2.892710038044129561e+01
-1.252698197842300516e+02
-2.944192688763066030e+02
-3.293296528682376447e+02
-4.487946803581371000e+02
-4.883949457480782712e+02
-5.209710007765575028e+02
-1.891391167758879419e+02
5.488290486658841019e+02
6.679554009626831430e+02
5.771261116480196733e+02
3.497401180146185311e+02
1.377552578236631859e+02
2.087577069479798197e+01
2.301513693365887647e+01
-5.881048184372527743e+01
-1.355973484658996711e+02
-2.772685223696157664e+02
-3.246751436963543824e+02
-4.426437826500371671e+02
-4.944852734296985091e+02
-5.547156522531589644e+02
-2.919739539816521869e+02
4.293100209203724944e+02
6.267138512202393485e+02
5.125584071201062670e+02
4.511833962125830340e+02
1.916589375146169800e+02
1.338512342571187652e+01
8.305168892503001388e+00
4.153035541913153850e+01
2.895747821010377976e+01
-2.245422106366731612e+02
-2.247353472712046880e+02
-3.932466277146015159e+02
-4.185533485471539166e+02
-5.948676241768098407e+02
-2.459467560835340691e+02
4.015038955750189302e+02
6.387744782422063281e+02
4.037514663242924939e+02
3.704306720161796420e+02
9.563838307059937449e+01
-5.599609649643256404e+01
-1.561412203463794128e+02
-1.658203283034304718e+02
-1.379016433511607147e+02
-2.010437199031259183e+02
-3.053282653426755360e+02
-4.917070629348166335e+02
-1.563601667264029800e+02
2.942665701467420263e+02
6.218738246300506489e+02
5.935645541832753906e+02
4.567345368323307753e+02
1.275679102573402162e+02
-2.353682385838688162e+01
-1.306009410165168561e+02
-2.476028557671371004e+02
-2.823788543634301504e+02
-2.830647232980681451e+02
-3.941115764310898157e+02
-5.438832688790391785e+02
-3.746621486347316363e+02
3.488382268776325645e+02
6.150765793734989302e+02
6.085162190470243786e+02
4.235189065847785628e+02
3.418205626128107042e+02
1.337545785691036393e+01
-2.081588768372273179e+01
-5.548043477008934588e+01
-1.254337183658535366e+02
-3.184966812621671579e+02
-4.404809050204291339e+02
-3.825316964390180487e+02
-3.935903080720393064e+02
-6.672930799745377328e+01
5.114707206806117483e+02
6.354160662289059474e+02
5.525303768873698118e+02
2.745518821667736802e+02
2.953146073058542243e+01
-1.059801365129771966e+02
-6.493711886774514142e+01
-2.904735929084641270e+02
-2.054764839115028963e+02
-3.848875436181259602e+02
-4.186936553084727279e+02
-5.121719901174669758e+02
-2.146525496190018885e+02
4.295426819931703335e+02
6.765753504323196239e+02
5.707704107133032494e+02
3.001801135609065341e+02
2.035263950041491228e+02
-4.036065455493845633e+01
-1.484574563492028005e+02
-1.190043796982453586e+02
-2.725482066821010108e+02
-3.570172240804066064e+02
-4.360733304224707467e+02
-5.105563134986039131e+02
-4.790134279458654873e+02
9.830083465703899037e+01
5.445661796415278104e+02
5.869973616204299560e+02
4.910686887203260085e+02
1.410948803288649174e+02
4.040098505975423393e+01
-3.469608128068797726e+01
-9.013663989445873881e+01
-1.410812943714859671e+02
-2.441580690143701986e+02
-3.236728375676468659e+02
-4.216280308382890780e+02
-6.095554958495127948e+02
-5.475640289807831778e+02
4.587226791165061002e+01
5.463438866775683209e+02
5.614574104380544668e+02
4.543139476771115710e+02
2.258152424473944961e+02
7.260004590449487694e+01
3.706573387465041947e+01
1.946125466046734331e+01
3.786741402736760875e+01
-1.959836100380391031e+02
-3.369701773360993684e+02
-3.696361801024429496e+02
-4.665127725216666477e+02
-5.446032940069985671e+02
-2.139389247773878253e+02
4.599165504202684929e+02
5.177978750888656805e+02
3.537986278647254608e+02
2.059011083664861417e+02
-4.790977198474174514e+01
-1.128277279268912849e+02
2.135436248383571822e+01
-1.340656632742538363e+02
-1.731859822226822985e+02
-2.208540468095073948e+02
-3.836444689836800421e+02
-3.821520417085079089e+02
1.168223100910650203e+02
5.912910550318357537e+02
6.214053786887005799e+02
5.728360291397859783e+02
3.764881198358236247e+02
8.259466706688031934e+01
-6.588414911890248504e+01
-1.196118148007936668e+02
-3.114992555993040355e+02
-3.090441225346781380e+02
-4.152242303476750749e+02
-4.218249937261366540e+02
-5.486835530174566884e+02
1.615228321108786957e+01
4.708766388891002634e+02
7.026016976147006972e+02
5.237392515586607260e+02
3.810035914307889584e+02
1.703357301386903941e+02
6.693566991073522843e+01
-7.112523402850702325e+01
-1.106295969447803600e+02
-2.149024314264229076e+02
-2.682670938567106305e+02
-4.493866550722934221e+02
-4.313404835746553658e+02
-3.736664165445823755e+02
1.080677546755131715e+02
6.628564800218167647e+02
6.637218387974389771e+02
4.789819982139795798e+02
2.786660483715410805e+02
1.138653420980116415e+01
-2.137312730522419457e+01
-3.909697633406920403e+01
-1.302300578648975034e+02
-2.052745640025080434e+02
-3.501806910432432005e+02
-4.028267154980001692e+02
-5.592014828234295010e+02
-5.832025765745567014e+02
-2.006309534668554875e+02
5.877867848428523985e+02
6.292066390598372436e+02
6.002596197772689948e+02
3.208703811032854674e+02
8.709077503210262705e+01
2.669741738035871137e+01
4.805259397451237646e+00
5.546588382396654282e+01
-1.011634860688706823e+02
-2.792913438850018792e+02
-3.222077163038402432e+02
-4.854743135766831870e+02
-5.905326051769152400e+02
-5.981026074476131953e+02
-7.951893945965978538e+00
5.177057797576885605e+02
6.184492240696488352e+02
4.819243084231924286e+02
2.894731989692301681e+02
7.643870741279069136e+01
4.195261384773262137e+01
-2.558127243380552684e+01
3.534318280283783764e+01
-9.151167688674530609e+01
-2.194956515735238725e+02
-3.626996555218490812e+02
-3.842312417087012477e+02
-5.367133053933490601e+02
-5.766563483553088645e+02
-9.773120464966520160e+01
5.639673408170799576e+02
6.698007005188261473e+02
5.347136652020049041e+02
2.392277260655217788e+02
-7.316971549350331827e+01
-1.019829189981151387e+02
-8.489665997251070451e+01
-8.422164148944274231e+00
-7.156077413740200655e+01
-2.274659893660251839e+02
-3.528999014400740748e+02
-4.990679917760367061e+02
-4.802342613726215177e+02
3.162700206663093283e+01
6.165085803914113285e+02
5.882905292128733663e+02
4.295031627559454250e+02
1.412903534093335907e+02
-3.939288074309999832e+00
-5.876023907239436994e+01
-7.042807487743607453e+01
-1.859469260187864279e+02
-2.391404007633240099e+02
-3.865734127529067337e+02
-4.919046501441198416e+02
-5.478222732442008009e+02
-2.655515070721940560e+02
4.271385799445900489e+02
6.904129834337198872e+02
6.193412510114288807e+02
5.102912149750115418e+02
2.373886658679379593e+02
4.861684406626497434e+01
1.190415462811905734e+01
-3.510084315469060101e+01
-3.203803402595974958e+00
-2.757298558822976702e+02
-2.855650549575317996e+02
-3.889341118822069348e+02
-4.393505125023699520e+02
-5.269635120544866140e+02
-2.296917879238392004e+02
4.499189313911014096e+02
6.996232437580886199e+02
6.383247246244601456e+02
4.749533924263135987e+02
3.541239911397501601e+02
8.579887183944377682e+01
-3.101128753310904784e+01
-3.826255465702887903e+01
-1.358920812758420595e+02
-2.083607331933033606e+02
-2.777461532277145011e+02
-4.236145512451301443e+02
-4.298423542968987476e+02
-4.380512456259984333e+02
-2.114597038388640016e+01
5.090609825922610412e+02
6.575693040198037806e+02
5.695587739160123419e+02
3.302021400217025189e+02
1.362670685428860793e+02
1.521816354855426212e+01
-6.494691014472203960e+01
-1.138888072314614774e+01
-1.270457438126356919e+02
-2.781307245446182606e+02
-3.823846813888205816e+02
-4.660481904736850538e+02
-5.126748521870555351e+02
-5.838213999390491153e+02
7.298799979178582475e+01
6.497534783888993388e+02
6.396243624780834125e+02
4.810175355614421733e+02
3.001011941889144055e+02
1.195848381359194406e+02
-4.727410499355968199e+01
-4.381873705310918865e+01
-1.832830079850573100e+02
-2.303299033798150219e+02
-3.266383442540002306e+02
-3.750230888053671947e+02
-4.393678628998228533e+02
-4.929174671361037667e+02
-5.690023548186139806e+02
-2.161950293549441682e+01
5.767942319595634899e+02
5.251728492627826199e+02
4.488947899223691138e+02
2.357447352769118822e+02
1.109106215447531980e+02
4.572705525498633961e+01
4.059582236539601752e+01
-1.435095388470419397e+00
-3.045254397061724561e+01
-1.453224378592822177e+02
-2.175812374368329358e+02
-4.518927487995478600e+02
-4.412369577578301119e+02
-5.529520351738348154e+02
-5.716254969257898466e+01
5.190999951097086296e+02
5.645883702931977268e+02
4.588588434130154496e+02
1.709649668188311011e+02
3.007477905984809752e+01
-1.023089939393986896e+02
-1.687183377138603362e+02
-4.753829095156009288e+01
-1.704329176705909106e+02
-1.944697692942162917e+02
-2.948317203568655600e+02
-4.248835739117632215e+02
-1.410449041842064446e+02
6.001034661103494727e+02
7.084045774101015240e+02
5.394449597270109962e+02
4.346155020438599763e+02
7.521377728829159537e+01
-7.488639424335100614e+01
-1.512465476042454782e+02
-1.136861205262657677e+02
-1.606505397887683273e+02
-2.667904142563379537e+02
-4.007660327558760400e+02
-5.153269841722317324e+02
-4.864683134261735518e+02
2.553358219699167080e+02
7.179024133994547583e+02
6.490946700199860970e+02
5.965612956329651979e+02
2.557165594418396779e+02
6.977425831256596211e+01
-3.385570218427715883e+00
-5.480697152561516816e+01
-1.068653249350226559e+02
-2.211395038298574320e+02
-3.003887492008254867e+02
-3.674919963073598410e+02
-5.196368688720440332e+02
-5.477555980027841542e+02
-2.346188361901389285e+01
6.141597798582889709e+02
6.545724129510640523e+02
5.887353754712279397e+02
3.111476413310094813e+02
6.047894910133199886e+01
2.248693040368524976e+01
-5.575545914586302843e+01
-8.587161592595947468e+01
-1.914997230540732005e+02
-2.763719505798504770e+02
-3.932173390250497960e+02
-4.075331801041072026e+02
-5.035204341902016267e+02
8.223201242285904655e+00
6.089442897455081720e+02
5.571583391636733040e+02
4.757191236545631341e+02
2.347008113689653044e+02
2.233986628645950390e+01
-7.023014838583978303e+01
-5.205642202221977044e+01
-1.204983626379651724e+02
-1.915639283870685006e+02
-3.042242132265936903e+02
-4.568729871272167884e+02
-4.295510678106445539e+02
-6.022479323261180753e+02
2.981131165704863761e+01
5.697222011129055090e+02
5.885559007807781882e+02
4.247873950238542875e+02
2.827507384645819570e+02
1.438548229767015130e+02
-8.768089347282263191e+01
-3.156893079902692989e+01
-2.722862261218491753e+01
-9.481113092496200068e+01
-2.926093017529586859e+02
-3.401568041612322872e+02
-4.602091138273403885e+02
-5.593363098686443209e+02
-1.583870864177557962e+02
5.393266272354937882e+02
5.374170330325168834e+02
4.228395218488400360e+02
2.161066044479968866e+02
8.985641652842126348e+01
-2.442886408775336804e+01
-4.821387260516635109e+01
-1.135659297387284852e+02
-1.434906501999132900e+02
-2.100276214541586910e+02
-2.473035916692179512e+02
-3.170603437312782376e+02
-2.498377760771508065e+02
3.727505979079747362e+02
6.625532493853188498e+02
6.062744611577761589e+02
4.085241654223263481e+02
9.800254938952775774e+01
-1.229710160646876886e+02
-6.975870495801086690e+01
-8.624483000973914670e+01
-2.812574799262300758e+02
-3.392147712406543860e+02
-4.441956718508895392e+02
-5.332821701249688431e+02
-4.632344937581285649e+02
1.516530346924455159e+02
7.016336234426645433e+02
7.046545504125148227e+02
6.249417901851547867e+02
3.046259049166381487e+02
1.434977808106221744e+02
-2.734923875095887880e+01
-7.281205042504011260e+01
-9.393668366177151086e+01
-2.283621218893384537e+02
-2.798757035030297970e+02
-3.868222614848788794e+02
-4.443950766697471408e+02
-4.689346755723387901e+02
5.918502298351740620e+01
5.275958588347868954e+02
6.787283852122455983e+02
4.255283029496652603e+02
4.079269348340562260e+02
7.006074819477386484e+01
7.530859909854301293e+01
2.282098113536996209e+01
-5.689367375172977148e+01
-8.155248926040574986e+01
-3.338015137230114533e+02
-3.789103469225494791e+02
-4.475728522206080697e+02
-5.062031362928181579e+02
-3.710969661617085649e+02
3.495238972218558047e+02
6.674613635398458200e+02
6.340293946214010248e+02
4.353653351558347708e+02
1.887698649912757389e+02
-1.121654951808286569e+02
-7.430022714909019044e+01
-5.351568638065863581e+01
-1.732116003076174593e+02
-3.150994521646610451e+02
-3.287057919841756188e+02
-5.187751244119154990e+02
-5.778650699173763314e+02
-2.577116370013084179e+02
3.815396463375620897e+02
5.992046231181328722e+02
5.440205028384925754e+02
4.111072149396680970e+02
1.216087917752823699e+02
-4.747522567198711130e+01
-2.936540972662642446e+01
-3.685401950793407622e+01
-1.223198190600747921e+02
-1.773701462432967446e+02
-2.142677942015932047e+02
-4.927594962091268371e+02
-5.947637370013900409e+02
-4.147128583845540675e+02
3.851356109496553586e+02
5.557171048099672817e+02
5.094283063519977190e+02
2.330546911067515623e+02
-2.135358459674542075e+01
-9.959887800688397874e+01
-1.035448910508268767e+02
-1.475899592851467332e+02
-1.721275433174499767e+02
-2.254393562568511413e+02
-2.340352269670190140e+02
-5.094178775001943222e+02
-3.208917877398412202e+02
3.236143728817341412e+02
6.437261396144117498e+02
6.416298233049128612e+02
4.223794864098657627e+02
1.170033834497375551e+02
-1.180879003617217364e+02
-6.591452668703303175e+01
-1.546260112081733382e+02
-1.734248010732019338e+02
-3.506483173601311591e+02
-4.662643560773392437e+02
-5.806366701159113290e+02
-4.783845699606028461e+02
2.413097786069565132e+02
6.957521093675262591e+02
6.241270288568680371e+02
5.335066419649679119e+02
3.784593345147243326e+02
7.425184125944532809e+01
-7.219898181327543796e+01
-1.757564938086246542e+01
-1.233471364883335895e+02
-2.414037630662771790e+02
-3.487429723100748333e+02
-4.270163316964308251e+02
-5.000838328502953800e+02
-3.788786668700427640e+02
3.128188034847287895e+02
6.594618195034101973e+02
6.456024097887285507e+02
4.543632755755700146e+02
2.299762128791374778e+02
1.323911795830903593e+01
-5.392616809943689971e-01
-1.892129746005684066e+00
-1.194304719034948050e+02
-1.508059567382463513e+02
-3.076093091979818155e+02
-3.240375726966184402e+02
-5.032158174817560621e+02
-3.736787422709984980e+02
2.971854675827468100e+02
6.728145360522568126e+02
5.811595618106236998e+02
3.625209295613576046e+02
2.585440563429901886e+02
-5.340518438061841522e+01
3.931620656509315381e+01
-5.987725922624245101e+01
-8.063901787427889190e+01
-1.937377835693762052e+02
-3.212716803832057622e+02
-4.196530131331745679e+02
-5.585538654598175299e+02
-3.006668010565659301e+02
3.666818750043189539e+02
6.322949615418198164e+02
5.698316566956914357e+02
3.766569262649393295e+02
1.259673788126161327e+02
1.151665172594440776e+02
-5.317455900939125257e+01
-3.303090284652852660e+01
-1.383131184057604628e+02
-3.138716203700411711e+02
-4.100056932549680937e+02
-4.766352193885364272e+02
-5.765169656630362169e+02
-5.398813128775261703e+02
2.186894518218153394e+02
5.928603399774391391e+02
6.793301412575048062e+02
3.672660180777232881e+02
1.907899140005638117e+02
1.277654753718586278e+02
-2.004002743245850482e+01
8.612089462095871895e+00
-9.157186743095125792e+01
-2.093410861048204197e+02
-2.934247052056639973e+02
-4.345734550226114834e+02
-4.718992554184938513e+02
-5.753942209292636107e+02
4.623114258680129041e+01
5.682283205766435685e+02
5.656796599262270320e+02
3.840719465335474752e+02
6.813854189052302956e+01
-8.199740790877953600e+01
-1.190142006543244122e+02
-9.963890311762118301e+01
-8.924036112873609738e+01
-2.410199111233081055e+02
-2.771599910815946259e+02
-4.505460642143048062e+02
-3.990775547923927320e+02
1.279935057301064347e+02
6.914596057504958253e+02
6.271167991150100534e+02
4.030972065463377589e+02
2.513464797898229506e+02
-1.702465344793622748e+01
-1.383130830097427975e+02
-1.462706043913833298e+02
-1.045647833436370178e+02
-3.324797395216605196e+02
-3.480583510579734821e+02
-5.381610724307748796e+02
-5.763956456684318255e+02
5.815914834307282888e+01
6.661759920367677523e+02
7.389324311220608479e+02
5.794288326246395400e+02
3.325352049594796426e+02
1.231485062252625795e+02
-3.282705088056778742e+00
-9.360202035367598228e+01
-1.559270005882197268e+02
-1.677978838344230610e+02
-3.505299745850696809e+02
-3.873317887326468849e+02
-5.297601236513726235e+02
-4.838442246216176272e+02
1.799638307729083806e+02
6.508702552410458111e+02
5.903799884862620502e+02
4.437107423810523414e+02
3.241836416720825014e+02
1.707138468351770655e+02
4.737226194096719922e+01
2.269964660714721916e+00
-2.078830773667246774e+02
-2.108031888560686866e+02
-2.912864176506727176e+02
-3.826919924189658104e+02
-5.212036906942048518e+02
-5.291900072945032889e+02
1.788642203313149537e+01
6.008673450597691499e+02
6.176874313278904083e+02
5.760089860882445691e+02
2.348828663675160726e+02
1.909459990721254030e+02
8.582321960748114975e+01
-6.078805414053786649e+01
-9.537303202044863326e+01
-1.570652766416851307e+02
-2.624405342321510943e+02
-3.981899862921398494e+02
-4.927269307532555445e+02
-6.392911730387004354e+02
-2.690899877289734832e+02
3.060029630506968488e+02
5.804847355696063005e+02
5.640942335796609086e+02
2.900936453708970362e+02
1.682764665610301620e+02
4.628244148151916448e+01
4.863673479645590447e+01
-6.000938867287736400e+01
-1.059209058316036050e+02
-2.207967096021690736e+02
-3.364155382634980924e+02
-3.890246511853835614e+02
-4.906542852490367181e+02
-4.980335466971274627e+02
2.157036213358436783e+02
6.465898447119589036e+02
5.354466118667687624e+02
3.677008318861480234e+02
5.543794703149159631e+01
-1.595334113406561301e+02
-2.042885673205230148e+02
-1.404848323665368639e+02
-2.176530939100020134e+02
-2.641163412113906475e+02
-3.741418913675393014e+02
-4.401396030263616694e+02
-3.673269340851642824e+02
1.888247042697514644e+02
6.951374577599663098e+02
6.264968248240751336e+02
4.497321342470478385e+02
2.082426761401483759e+02
-5.090486756643745281e+01
-1.175241503134208756e+02
-2.094728590670196127e+02
-2.511409344281792357e+02
-3.194809065209646519e+02
-4.953668415724168312e+02
-4.951979883976733277e+02
-5.374029227158155209e+02
-2.150874729924563553e+02
4.448734571307755914e+02
6.995691611251609174e+02
6.463824493341970765e+02
5.075067830432816436e+02
2.158375105889599013e+02
8.571452022137361837e+01
8.212851053842589977e+01
-6.489255885923808975e+00
-4.279516311700882625e+01
-2.474132799591489800e+02
-2.533169576077723946e+02
-3.768117292554894675e+02
-4.711347221220815982e+02
-5.008572494449916803e+02
-5.058764499908163970e+01
5.924053996745952873e+02
5.914084340044479404e+02
5.539179809415006730e+02
4.007606935568088602e+02
1.585720858032702552e+02
-8.254144316640754653e+00
-1.529011985846466004e+01
-9.318003102093324230e+01
-1.945337792746257435e+02
-2.521037021376477298e+02
-3.561864897848156488e+02
-4.732515431158514048e+02
-4.597840493498544561e+02
-3.404882280392042730e+02
3.654777663561613394e+02
5.922515846460756848e+02
6.394238206355935290e+02
4.365495871712256530e+02
2.249047207898398142e+02
-4.495849019690098203e+00
-3.203237440959080118e+01
-1.048964108257298733e+02
-1.008300234598236642e+02
-1.694318316171794834e+02
-2.643360175404955612e+02
-3.697647003566378316e+02
-4.832039167098942585e+02
-4.476667579490454614e+02
1.545764986620808088e+02
6.854723434244472173e+02
5.950251380547938425e+02
5.868464181321344313e+02
3.386409170563364341e+02
7.034122736947269061e+01
-4.887756723738232267e+01
-1.784339631512886726e+01
-1.233377757771611982e+02
-1.878155743454899778e+02
-2.772157123756742862e+02
-4.341680802605590657e+02
-4.872728369149716059e+02
-6.930117309516400610e+02
-3.926833813257618431e+02
3.498261519044759780e+02
6.082281931245045143e+02
5.368535140160748824e+02
3.194575499934479126e+02
2.017045196542477754e+02
3.012861141722632397e+01
-1.342462921427431333e+01
-4.641452210151219049e+01
-1.034624965861684274e+02
-1.124092971041611122e+02
-2.537619612733922452e+02
-3.957330699943939862e+02
-4.994247208131311027e+02
-5.375351557809569840e+02
-2.468583757591719063e+02
5.233365511363280120e+02
6.198541478405787757e+02
4.796011048369403511e+02
2.245544889528850376e+02
-2.851840047781158205e+01
-2.452430889115906893e+02
-1.869997389147929141e+02
-2.260626960462857369e+02
-9.545606069813118211e+01
-2.996210428977886409e+02
-3.438139500151447692e+02
-4.396156853825489748e+02
-2.755474300891676762e+02
4.003960236512731399e+02
7.196639734041084466e+02
6.393755195899583441e+02
5.061949775127362727e+02
2.120154070370514319e+02
-2.049136834145425823e+01
-1.999453287187176613e+02
-1.915831928789488359e+02
-2.092399412075653515e+02
-3.467672013693525059e+02
-4.057704188134970877e+02
-5.501790366407605006e+02
-5.490492492202570247e+02
-1.664261171721418719e+01
6.598337463298911416e+02
7.702904428117418547e+02
6.120450505891451485e+02
4.633403910901213862e+02
1.380426543140394529e+02
8.372826933979744979e+01
1.286298034019525893e+01
-2.852481925382170047e+01
-1.388975121938451593e+02
-2.464588542582340267e+02
-3.227272051364452636e+02
-4.458432689687007269e+02
-5.980320026107150397e+02
-2.326632862441109069e+02
4.980820893973566399e+02
6.361976672119643581e+02
6.055863102413367187e+02
3.465329791578101890e+02
1.946306682250689732e+02
4.991396166372815912e+01
8.833115051369974324e+00
-2.920432574710389417e+01
-1.513398566162379382e+02
-2.698464709488546305e+02
-2.845420250792694219e+02
-4.115591809458176726e+02
-4.862010011094915285e+02
-5.785805755208197070e+02
-4.365698987008935461e+01
5.145216934421844144e+02
6.327377580460389481e+02
5.252052838721305079e+02
3.469610454657716900e+02
-4.440586539169260760e+01
-4.090966951134558371e+01
-7.728533965287109030e-03
-1.659700792162537368e+02
-1.367047855760380628e+02
-3.444675704536590501e+02
-3.255532481899576851e+02
-4.345303926546859543e+02
-5.164295515059915260e+02
-2.467819827694692094e+02
3.648113666129810326e+02
6.156084480016738780e+02
6.117648896219292283e+02
3.027917367048627284e+02
8.229378883589954796e+01
-5.618145974415993749e+01
1.150303039351836887e+01
-1.223991296919803204e+02
-2.403239928457314534e+02
-2.350638135307280265e+02
-3.721546203549215761e+02
-4.681830430887167722e+02
-4.944149363027215145e+02
-5.023741708394050534e+02
2.856177089899575776e+02
5.466248163370091788e+02
5.553170119848083459e+02
4.318447893993460411e+02
2.341578534621983749e+02
1.326801406230395060e+02
-4.413073414309948106e+01
-6.165243501444994223e+01
-1.431133264185459097e+02
-2.062804593076081972e+02
-3.147024317304703800e+02
-4.891584666474331016e+02
-4.802683369647419909e+02
-3.712330256187889290e+02
2.740987550580904326e+02
6.613950697782346424e+02
5.753042102199204919e+02
4.199135246556605239e+02
4.845257370045588630e+01
-5.067191116693317809e+01
-1.401720411533912625e+02
-1.861666793430701148e+02
-1.192243355682120267e+02
-2.160048344281179595e+02
-3.529411877338858972e+02
-5.238774727118790224e+02
-1.108292501833932704e+02
4.693897803796759831e+02
7.214981452999286375e+02
5.933088548813367424e+02
4.551624712423608798e+02
1.156876785613483918e+02
-6.132899020154395231e+01
-2.115711148774879860e+02
-1.808599298775850741e+02
-2.617278716651648551e+02
-3.963837308309824721e+02
-4.952850346692547419e+02
-5.139462770250058838e+02
-1.794217571977915497e+02
5.402301042707002807e+02
7.656142455454724995e+02
6.128455576045515727e+02
4.540101211813726536e+02
2.387902619570426452e+02
6.199056681713238959e+01
-1.336497500400624006e+01
-1.483643426826368739e+02
-2.408607483135190535e+02
-2.609228130923029312e+02
-4.035114238349365223e+02
-4.586335780494206347e+02
-5.823988081437692017e+02
-1.570175423201603451e+02
5.693776590305276386e+02
6.528966252920076840e+02
6.183409558305206701e+02
3.483960201111617039e+02
2.017391618813500429e+02
-6.785495098567536409e+00
5.269695474192332085e+01
-6.964492671666005208e+01
-2.544418876087920012e+02
-1.971897870028851969e+02
-3.928793639290024657e+02
-4.829346669068186202e+02
-5.070604561608445806e+02
-4.454178339946909659e+02
3.438579625374110265e+02
6.081533988570571410e+02
5.718461761396964675e+02
5.092641699748002111e+02
2.315448335892318141e+02
1.963638891964247435e+01
-9.028769579255509825e+01
-4.378724174579647865e+01
-1.462061446518028163e+02
-2.856199471178131262e+02
-3.765501982542394899e+02
-4.302091302476221131e+02
-5.026183817779586889e+02
-5.980377441897084054e+02
-2.084090647469398760e+01
5.646949621460861408e+02
6.075707702686090670e+02
5.430437930047437476e+02
2.702755614259546064e+02
9.361804336586924080e+01
-3.681189655716007536e+01
-1.229795404109740673e+02
-9.895370262781949577e+01
-1.159747365809614053e+02
-3.291349472198282911e+02
-3.722711470114414283e+02
-5.032034778042734615e+02
-5.687258068337501982e+02
-1.391516357511365527e+02
4.953571662304491952e+02
5.983768206682669870e+02
4.635329891023965843e+02
2.447225544470553018e+02
-3.521759677183416670e+01
-1.207702209744493018e+02
-8.722792229507699346e+01
-1.569316064957254184e+02
-2.331188699260931116e+02
-3.298030916686906835e+02
-4.262126387706560422e+02
-4.578004506193829570e+02
-1.339998377709972388e+01
7.083504804422857433e+02
6.771806762130820516e+02
5.421753881058134539e+02
3.484161274467710427e+02
2.443839953976900574e+02
-3.404741242159251158e+01
-9.552229861233880115e+01
-1.586127048352373095e+02
-3.383231121498025686e+02
-3.955246054585634283e+02
-4.104376819140667862e+02
-5.734142861672189611e+02
-5.521520741837235846e+02
1.093451408929337703e+02
6.743386599641190742e+02
6.855622230537155701e+02
5.234850431662238179e+02
2.938133396573362006e+02
1.691307707555489515e+02
1.441345053758401491e+02
1.309238263805607119e+02
1.575585335228469717e+02
-2.495170893303535919e+01
-8.205692785395650901e+01
-1.424408537921046332e+02
-2.736894706403589339e+02
-3.264542869947205759e+02
-3.852612000431578849e+02
-5.343060049272554579e+02
-3.921037166537521443e+02
2.132815734150311755e+02
7.255512804570768139e+02
6.917675128197824961e+02
4.919264686246486917e+02
3.205086449346729296e+02
1.259097800496878250e+02
6.475357232439023392e+01
4.509455875212358222e+01
7.959905676231392135e+01
-1.114520656444424418e+02
-1.953912504557858369e+02
-1.997026501638069362e+02
-3.714347943061870296e+02
-5.075514719364917369e+02
-5.765897325591189428e+02
-4.542948927050612724e+02
8.118083250368555071e+01
6.533194172539401734e+02
6.838001448188119866e+02
4.671929774068797769e+02
3.009760890411164382e+02
7.813075295409345244e+01
-4.662256537506021203e+01
-6.169056147602060669e+00
-1.071381156292085564e+02
-1.842380179619441947e+02
-2.811305967122983134e+02
-4.371139855967114727e+02
-3.861084785627728593e+02
-4.977763294852970262e+02
-5.285418583981778511e+02
1.646991881969862845e+02
6.085839860224999711e+02
6.146812743580242113e+02
4.716617377731205352e+02
3.118243152072059274e+02
7.140492547717363969e+00
-2.660209844011697911e+01
-8.549131104694944838e+01
-1.186485288381645233e+02
-1.566291627485835818e+02
-2.698523324956031502e+02
-3.867936745046267220e+02
-3.849700147411161879e+02
-4.895524743762908315e+02
-3.615767023555842457e+02
1.885520600571407499e+02
7.526313258065670198e+02
6.382018499979319586e+02
4.486221028576493950e+02
8.684063302487460589e+01
-1.280387992998004520e+01
-6.572546659355237963e+00
-4.393107251502396338e+01
-1.191517156604747925e+02
-2.889208848150007611e+02
-3.997238228553721342e+02
-3.397451224171895774e+02
-4.681748717613487543e+02
-1.091145988832774236e+02
5.506988491412271287e+02
6.374871028958652914e+02
5.274280956489641312e+02
3.370173831973660867e+02
8.240488747102281764e+01
-1.438241308789456809e+02
-1.568361419609493339e+02
-2.252102758297550906e+02
-2.953824007359437473e+02
-4.086137134135097995e+02
-4.707247868809711235e+02
-5.707426201693460825e+02
-3.912579593575198942e+02
4.110935406940265011e+02
7.690847122000129730e+02
6.786178003552151949e+02
5.720162505407646449e+02
2.757951620805916377e+02
4.755868780635488946e+01
-2.679779174340348646e+01
-7.568608843468443581e+01
-2.233834100940947280e+02
-2.273181294490252924e+02
-3.130603800412951614e+02
-4.399460147127587675e+02
-4.620590158940556194e+02
-5.208408572634616576e+02
1.929176874826559640e+01
6.241997833930765864e+02
6.686133481421378519e+02
6.183538116474811659e+02
3.715788319384372471e+02
1.655862976072772312e+02
1.077168883929093468e+01
-3.056430013413353208e+01
-1.220423024487666197e+02
-1.977834707464579935e+02
-2.841531140942760203e+02
-3.467947859764634018e+02
-3.746717024666401130e+02
-5.741326303801114364e+02
-3.976178914343579436e+02
2.880389712039524852e+02
6.874599170631300922e+02
6.578773129282946002e+02
4.087969437454117951e+02
2.488460062153727392e+02
-2.313178367798473545e+01
-8.983724170579483825e+01
-8.874468230970980187e+01
-8.771526464183466487e+01
-2.054954773679186246e+02
-3.381969557665877346e+02
-4.735105192235812979e+02
-4.933563629765465066e+02
-5.682071817879261744e+02
-1.561687522530808678e+02
5.254506924339298166e+02
4.932981052928303711e+02
5.634401422677671007e+02
3.678769706256503014e+02
1.594423647456453921e+02
-1.426388522744394116e+01
-9.734454743959684464e+00
-1.195328602043297792e+02
-2.181642342475995520e+02
-2.060676120849815618e+02
-4.028308200528641123e+02
-4.053619255052816470e+02
-5.541402910763885075e+02
-4.708580969586232072e+02
2.547959755507012005e+02
6.637771712851819075e+02
6.040098889492386434e+02
4.439076553136166012e+02
1.303843984353154326e+02
-4.810690187324495071e+01
-1.212289047234618238e+02
-1.582233606800041343e+02
-1.559662383513649786e+02
-1.709279896706435125e+02
-3.765836787673927688e+02
-4.621240562879330014e+02
-5.895388656770026046e+02
-9.272590848247146766e+01
5.288788138088854112e+02
7.115747352576747744e+02
4.414540326153192495e+02
2.394577335785004664e+02
1.370852124058016841e+02
-1.340212467434670316e+02
-1.645796926702194014e+02
-1.710973260819284008e+02
-2.827069566990230669e+02
-3.963016070659975298e+02
-4.691128012787820012e+02
-5.295695239705133872e+02
-2.607647729869119075e+02
4.660755176942345770e+02
6.948659085030278675e+02
6.056845883051114470e+02
4.256268687735716867e+02
1.859763043145819097e+02
1.970900920991067551e+01
-7.240358156587883798e+01
-1.580715602257401429e+02
-2.902879212897290131e+02
-3.885972300950718363e+02
-3.736622225983776957e+02
-5.780804871211583986e+02
-3.692415356354509868e+02
2.367653158630250516e+02
5.963610575574649602e+02
6.204432931866678018e+02
5.231273991815882027e+02
2.506675916323358422e+02
1.414593021688953627e+02
-1.492207988290613514e+02
-8.769206414531925020e+01
-1.572758436730071878e+02
-2.337990259566988698e+02
-3.557893748402772189e+02
-4.157270237562095190e+02
-5.449876472716323406e+02
-1.795517863889049011e+02
5.641809379667026860e+02
6.939602981802763679e+02
5.781566823855664552e+02
4.097331337178850958e+02
1.396363128325462810e+02
-5.604838722127814066e+01
-4.461630309442691100e+01
-6.838299653048592575e+01
-2.418929017799099199e+02
-2.258147685801741034e+02
-4.212366256899859991e+02
-5.420558200348066293e+02
-6.568095341654883441e+02
-7.959157197888548296e+01
5.591930525765769744e+02
6.132045656183530582e+02
4.666881118883961790e+02
2.484289328407745359e+02
3.862243932886013198e+01
-9.104519971493097330e+01
-1.193138769030254309e+02
-1.205580748527417541e+02
-2.109212267115202906e+02
-4.046401802137507957e+02
-4.259621630184370247e+02
-4.865128137611874308e+02
-5.224192912640987743e+02
-1.373474676444502585e+01
5.059280825570717752e+02
5.858268976659035161e+02
5.100216034580830637e+02
2.270652719279040639e+02
3.022912623486535111e+01
-9.931159556621267370e+01
-8.925306563742020671e+01
-1.304407039883820119e+02
-1.822578202990994498e+02
