-1.860799044950024950e+02
-9.901129279692812091e+00
-7.866990048090355003e+01
-9.038726426859045660e+01
-2.808118609367263616e+02
-3.556029823755712300e+02
-3.896804304605506672e+02
-3.834392143403065916e+02
-3.450957630470837785e+02
-5.157852293929943244e+02
-5.490577931700742056e+02
-1.493405694826742547e+02
4.193797904756996218e+02
7.189135807152453026e+02
7.156333876993147669e+02
6.588858097320432989e+02
5.556831882375171290e+02
3.302010116986614889e+02
1.505991516597940176e+02
6.995373830712411234e+01
6.354047818834225758e+00
7.770845423613181424e+01
6.183074655046139156e+01
1.534191779166902414e+01
-5.893920953880153490e+01
-9.735576231129923030e+01
-1.995862625229553657e+02
-1.882027444452816951e+02
-3.573683815281304419e+02
-3.544409781421502998e+02
-4.801448366220345179e+02
-4.783378829513863479e+02
-2.022222463177368752e+02
3.048494172238753208e+02
7.145622853169725204e+02
6.888728800708767039e+02
5.515136754171286384e+02
4.144690367342166155e+02
2.524804056388915399e+02
3.428732481345849692e+01
-4.476676449397066193e+01
-7.744025472132673826e+01
-7.612110942014081161e+01
-6.206284405172478813e+01
-1.036952892004696309e+02
-2.069064840745285210e+02
-2.435941181735055352e+02
-3.046722349918214263e+02
-3.678327622799268397e+02
-5.815549908764263591e+02
-5.032460195856928067e+02
-6.092772078424496129e+01
4.726332266613338220e+02
7.153908198101781863e+02
6.863670317505368530e+02
6.937401540098452415e+02
5.071864524172379447e+02
2.804503943934682297e+02
5.321068219354836515e+01
-8.846627115436932343e+01
-1.312132330732475225e+02
-1.756182551761101251e+02
-1.317379187426958822e+02
-2.170253352977645136e+02
-3.211630812503652237e+02
-2.891585463689613107e+02
-4.559815698896653089e+02
-5.344048567920295909e+02
-5.364583103761560778e+02
-6.366785965197602764e+02
-2.377320228953992967e+02
2.482615415781903323e+02
7.151350589682679129e+02
6.760391581874660005e+02
7.294876967825777001e+02
5.071582764384132247e+02
3.650663732621136432e+02
1.803000607389196830e+02
2.442918234996256999e+01
-8.452041719152946087e+01
-7.595476542127377684e+01
-1.059611057986221283e+02
-1.973204191705307835e+02
-2.841143830083599937e+02
-3.112333262700688579e+02
-4.102605487490857854e+02
-4.655973494832384176e+02
-5.001645007507036667e+02
-6.024510818595844057e+02
-5.520636713877148622e+02
-7.207630215426182474e+01
4.422974208866783670e+02
6.333940598966649986e+02
5.783908770355042179e+02
4.643862187354613980e+02
4.490805247125489359e+02
3.681066507015024172e+02
1.189107043271291388e+02
-7.603856161695568971e+01
-8.589110472350445491e+01
-9.095743644171221831e+01
-1.141207750486419599e+02
-2.267283067479312422e+02
-1.850939656481731106e+02
-2.455684245403329555e+02
-3.145232817984355620e+02
-4.159237099416079104e+02
-5.029039970162456825e+02
-5.749630066591540754e+02
-5.412797486172447634e+02
-8.903697366950660808e+01
4.222893343518470033e+02
7.055593063391388569e+02
6.715479763894107919e+02
5.370194855244790233e+02
4.268132269961867564e+02
2.672757670789588360e+02
8.428869343689875393e+01
4.332741812938576231e+01
1.693697671895789014e+01
-1.079985687489211870e+02
-8.695682895729284212e+01
-1.829708597082325525e+02
-2.423533582956636678e+02
-2.892853887509251081e+02
-3.344236847030105082e+02
-3.743788364028662272e+02
-4.347499052796132446e+02
-4.863794419532715096e+02
-4.828572317774483054e+02
-7.137144902040567729e+01
4.821635869421005509e+02
6.952215828846008208e+02
7.582790928020418733e+02
6.301411131892568847e+02
4.660138657056156717e+02
3.281406223966986886e+02
1.914649185190413903e+02
1.969010599488091273e+01
-8.172037738209810698e+01
-1.059304357941892363e+02
-2.944494935783528433e+01
-1.193123196049406829e+02
-1.732913733602168236e+02
-2.935275156487700201e+02
-3.106793065998998600e+02
-4.003190159087779989e+02
-4.346169049855774915e+02
-4.277520344988934085e+02
-5.026762413583282978e+02
-1.193738155067542834e+02
3.537693939614314900e+02
7.019391825394806119e+02
6.906679763157187608e+02
5.794061529485396704e+02
4.308241580075321053e+02
3.402918676576480266e+02
1.467463076192984204e+02
-6.685464510050373121e+01
5.850862251550332616e+01
-5.489227991604261803e+01
-8.306420161899913523e+01
-1.109562205475726984e+02
-1.332805173700082833e+02
-2.382925385781557850e+02
-2.537807799086799889e+02
-3.683962575211392050e+02
-5.730462653582119401e+02
-5.310339641147447765e+02
-5.932989300759295475e+02
-2.168611432321480663e+02
3.503696931515785309e+02
6.731134492838457390e+02
7.489222268854404092e+02
5.678685944791167231e+02
3.728298578857692291e+02
2.944813171382980386e+02
-4.476666327912345089e+00
-2.941898217946860683e+01
-4.587764054900509336e+01
-1.433777360934683713e+02
-6.787538640705790272e+01
-1.387637091124638289e+02
-2.188114930157374829e+02
-2.396829355029888404e+02
-4.069156059218309451e+02
-4.158219036904460495e+02
-5.002579186946219920e+02
-5.040905655353564612e+02
-3.904667951662196401e+02
1.959522303842614122e+02
5.058100970380587000e+02
6.481536713735948751e+02
6.477527651408466909e+02
5.060827902672667733e+02
1.886276047691116275e+02
1.127136959620845289e+02
-8.097844939960739907e+01
-8.496229999989347448e+01
-9.203447803104199920e+01
-5.679766294707191321e+01
-1.739417394068326814e+02
-1.855193400866170634e+02
-2.839831628066943949e+02
-4.971685177112347560e+02
-4.778429115646527521e+02
-5.849621628595211860e+02
-6.961852328678357935e+02
-5.766144512742587267e+02
6.932802816411877700e+01
6.101450398173568601e+02
7.218370459987658023e+02
6.991899693154933857e+02
6.269701267702764653e+02
4.461097856836066171e+02
3.121224332122877172e+02
1.606351308701774769e+02
-2.445342303079725355e+01
6.585216469020831020e+00
-2.775938427251086793e+01
-2.325739236645113408e+02
-2.145225892319608647e+02
-3.224973360862810523e+02
-3.744104136371690856e+02
-4.089987596217621899e+02
-4.707666127990254950e+02
-4.739596006110411963e+02
-5.190557771606548840e+02
-4.352041010730998778e+02
1.800459590863202095e+02
4.895300919551857532e+02
7.379571818042745690e+02
7.208211005796573545e+02
5.419203089124066537e+02
5.153040109042331096e+02
3.041498297940821658e+02
1.624812956444527572e+02
-5.025721460378458971e+01
-5.562345358877140455e+01
-6.112422676688773926e+00
-1.654203533286203083e+02
-1.144549048218013354e+02
-2.329242998636467803e+02
-2.391957339945722083e+02
-3.742490728646706089e+02
-2.974806387925636386e+02
-3.505523204410747553e+02
-4.217623896417766787e+02
-5.044509373878937595e+02
-3.936741568796072244e+01
4.929078764209838255e+02
8.225109846601463914e+02
7.548254339779448401e+02
6.577696993476328089e+02
4.499910704431778754e+02
3.750038307068696213e+02
2.482668411421896053e+02
6.591145942087672793e-01
-2.631772624390044113e-01
3.302316146976463074e+01
-2.455866708487272021e+01
3.778599883787007485e+01
-1.227966413185639425e+02
-1.840420798311620274e+02
-2.222940216855785138e+02
-3.491272912684425478e+02
-3.648250640982059849e+02
-4.552589223299169134e+02
-5.565705218261707614e+02
-3.866290261994667503e+02
8.433357705108758751e+01
5.756888858974393770e+02
6.696322617656539933e+02
7.353282465522679558e+02
5.860338635283753774e+02
4.066237642004554118e+02
2.245381946969932585e+02
1.109564778396036075e+02
-4.224865196801174960e+01
-8.952777515347646897e+01
-2.174355095981275809e+01
-1.261774966907563211e+01
-2.255047365796302117e+01
-1.403650728689541154e+02
-1.515512962052134753e+02
-2.407602798450088528e+02
-3.817468937145395671e+02
-4.502258582020052131e+02
-4.193638992714935512e+02
-6.251169026095510617e+02
-3.683492236103958817e+02
1.017366723839060683e+02
5.745032543613228881e+02
7.052560664731176985e+02
6.257836700870997220e+02
3.711287820368831376e+02
2.315707651486347913e+02
-1.810252954992780516e+01
-1.072248484454106432e+02
-1.163684968395000823e+02
-2.465214530511880753e+02
-2.068308280330618629e+02
-1.693917949954524715e+02
-2.804270496727342561e+02
-3.064201158574627470e+02
-3.746557211288246094e+02
-4.046099872562736550e+02
-4.448551837752774532e+02
-5.099150451687868326e+02
-1.784568785003852724e+02
3.366148444703312066e+02
6.554345660010843631e+02
6.782546441814307627e+02
6.950190337736402171e+02
5.558905316090008455e+02
2.513643658872713047e+02
1.872288836762448616e+00
-8.924154642206470101e+01
-1.723915369799791506e+02
-1.148277591877533581e+02
-1.717270887062265388e+02
-3.072401523102197984e+02
-3.883166207067286564e+02
-3.619291872794782421e+02
-4.728601894536296300e+02
-4.808921994924845649e+02
-5.382181156345550335e+02
-5.980292979976999277e+02
-2.556946015912869541e+02
3.419135858199574045e+02
6.878957855999308322e+02
7.538029233980785193e+02
7.102491455079482421e+02
4.216098792602313097e+02
3.947879504695816308e+02
2.024999617767644793e+02
6.243902242669392422e+01
2.310279827098490912e+01
-4.769307585823023743e+01
-6.809902019551361718e+01
-1.004265718272482673e+02
-1.638008665583772085e+02
-2.261298384280161997e+02
-3.681511829931229158e+02
-4.011195472456435027e+02
-4.459886813341234415e+02
-5.248522202974982065e+02
-5.302791564073336303e+02
-9.224747396582469605e+01
4.447846965908854031e+02
6.347655287129904309e+02
7.228521358168030702e+02
6.340561351459854222e+02
4.694412362992168255e+02
3.416840748422298475e+02
2.719257478420940402e+02
2.052942068656855312e+01
-1.360751510797006514e+00
-7.552520504641319121e+01
-1.341512781080359673e+02
-1.081446157355407252e+02
-1.803017462734488561e+02
-2.147411475899706090e+02
-3.352636339691271132e+02
-3.972843264585054044e+02
-4.537123592179053162e+02
-3.915463511699542209e+02
-5.175449182043342944e+02
-4.875457392342465255e+02
9.504106464027954360e+01
6.113476499797797032e+02
7.489667228078038761e+02
6.923594673547098637e+02
6.120297930084643667e+02
4.851847198891993571e+02
2.380247022062570181e+02
1.367488615715058131e+02
-1.455745873336431728e+01
-3.890853101641355494e+01
-3.650098800978265956e+01
-1.334772241936141235e+01
-1.147560901650761593e+02
-1.572199069465462458e+02
-2.369268753360347830e+02
-3.305049116654741965e+02
-4.662518353737405050e+02
-4.768715944984888893e+02
-5.078019914578201792e+02
-6.492386587929659072e+02
-3.631632466937229538e+02
1.127828818286189119e+02
5.692524939103227553e+02
7.020852448930304490e+02
5.628501119724309092e+02
5.095342524162806512e+02
3.486937921199618700e+02
1.645626317883915988e+02
4.630327163454924033e+01
-3.829825227498033513e+01
-1.648474345914693329e+00
3.694269879004114188e+01
3.077150550735365186e+01
-5.738145259118800112e+01
-1.045468931456185828e+02
-1.546165814897233588e+02
-2.652174069098169866e+02
-4.358579312595439319e+02
-4.475770054258651385e+02
-4.749950241168772891e+02
-5.738632166988495555e+02
-4.430192698671886546e+02
2.246251276617993753e+01
5.579350593715480500e+02
7.005818208661168001e+02
6.039824856171684360e+02
4.655285066498566948e+02
2.783066047552125610e+02
6.684184377329970062e+01
-4.875007220361168692e+01
-1.426219461287994079e+02
-1.913965844122204771e+02
-2.604104020650605662e+02
-2.271707997253092515e+02
-2.134333439094104961e+02
-2.340010206989373387e+02
-2.108218694782387388e+02
-4.060449609865420939e+02
-3.468803197356606915e+02
-5.232984070103368595e+02
-2.104975934563509838e+02
4.017231662613324943e+02
6.023760705735891179e+02
6.955896082663380184e+02
6.146312919223184963e+02
5.090731069246639890e+02
3.857080460198641276e+02
1.799370563161644441e+02
-5.366992457478486500e+01
-9.346201799559071333e+01
-1.770142854048237666e+02
-1.370428064057640540e+02
-2.765294738258006646e+02
-2.775107496143023127e+02
-2.766131130608289368e+02
-3.956455877928791551e+02
-4.640238332115823710e+02
-5.625943687726329472e+02
-6.025740670833982904e+02
-4.035337467907556857e+02
1.309458752715506478e+02
5.446985759190733916e+02
7.302014757071834765e+02
7.587614501300870415e+02
5.896812549830798389e+02
5.323507931366482353e+02
2.917524807897415258e+02
1.557778968974860447e+02
-5.866802071222206649e+01
-6.720382975502543843e+01
-7.051913247217599690e+01
-1.136214317293321017e+02
-1.169817170306070011e+02
-1.170170282819574936e+02
-2.788083820513788851e+02
-2.926108738516094263e+02
-4.263250659544509062e+02
-3.933020322528867609e+02
-5.489250794036951220e+02
-5.292400470082632182e+02
-6.288026421790787168e+01
4.621921355544948824e+02
7.529854718315199307e+02
6.879016010812545119e+02
6.466269622264144346e+02
5.362458546835072184e+02
3.437410543078509590e+02
1.635761968174564345e+02
-8.453564130140948762e+00
-8.033714042239566311e+00
-7.406096400035602656e+00
4.659516262336331316e+00
-3.420116546716467809e+01
-1.185532401910480758e+02
-2.216781084201639374e+02
-1.889772454883313628e+02
-3.011188186137792400e+02
-4.001827520230031610e+02
-4.158102412906007999e+02
-3.691688171664831088e+02
-5.917164340458062952e+02
-3.350471669337916296e+02
1.942866567395416553e+02
7.056259919046725599e+02
6.850298195955526808e+02
6.694801959917144814e+02
5.821871277129130249e+02
3.791132285043503316e+02
2.243579875054767854e+02
1.326431981707034709e+02
-1.338166432918969129e+01
-4.751060142086764415e+01
-7.447291398459429956e+01
-7.375937233133150528e+01
-1.805105254768318446e+02
-1.381486502229966788e+02
-2.849939044812460907e+02
-3.735070406023478995e+02
-3.179267662650049147e+02
-4.689290561617434037e+02
-4.996849410753873713e+02
-5.444970266297626722e+02
-4.942391088662440666e+02
4.248379668570184897e+00
5.270663158514313409e+02
7.099103728436134588e+02
5.844976659357225799e+02
6.237135148081093803e+02
4.469171777480439687e+02
2.969752591981088585e+02
1.252272423607485905e+02
-1.536585595580066244e+00
-3.264253808593349504e+01
-1.293624701068290221e+02
-5.968899930183567193e+01
-1.257113159973231262e+02
-2.148952412139410910e+02
-2.035675360273171179e+02
-3.212962057291155133e+02
-4.012425026529188585e+02
-4.144483911496063797e+02
-4.646075549641785187e+02
-5.984668907646315574e+02
-4.919722339098655652e+02
-4.361443980354011529e+01
5.094802085926895643e+02
6.816523498968065269e+02
6.209156288300961251e+02
5.202299134667375711e+02
2.716405114398383489e+02
1.606376210329135859e+02
-2.959327061450544960e+01
-1.527013117899351187e+02
-1.494847989536270063e+02
-6.992448397907881485e+01
-1.625312263490749274e+02
-1.715986986531687251e+02
-1.975010579554140691e+02
-2.602825279662772573e+02
-4.203887569270524409e+02
-4.907430618364377892e+02
-5.929573706984932642e+02
-2.918680304840345343e+02
2.539171173895806248e+02
6.293259365786241233e+02
7.247376155407071110e+02
5.896615795322477425e+02
4.912825704804155293e+02
4.478361937715910699e+02
2.082810175875661400e+02
6.263925379459810472e+01
-7.384491494233300557e+01
-1.945213746262377583e+02
-2.507005050473753442e+02
-1.728220494106172112e+02
-1.762521604979417020e+02
-2.686248474625352856e+02
-2.969721347946841092e+02
-4.619034660667977050e+02
-4.991929686797196837e+02
-4.493523186522181163e+02
-4.388013626839173753e+02
8.612997066552300396e+01
6.402324218580990873e+02
7.199425348114281178e+02
7.215191704854952377e+02
6.377588808662768542e+02
5.605449853492008288e+02
3.257201791026288902e+02
7.066734071087670088e+01
-4.295035078638967718e+01
-3.706289335086972159e+01
-5.981289367897497655e+00
-1.247072170530825446e+02
-1.102581043370336005e+02
-1.569344249965213010e+02
-3.228034659205809476e+02
-3.664693159426942657e+02
-4.123133890232068666e+02
-4.667450610825563331e+02
-4.590751920639706896e+02
-4.463245456139807743e+02
-2.423707606740127929e+01
4.457349666972805835e+02
7.112364420674796293e+02
6.861456848128094634e+02
6.151780380735027620e+02
5.244791681282305262e+02
2.647143671774010159e+02
1.472869517983281185e+02
2.982194118267204264e+00
-1.475181587378531489e+01
-4.749718046784695957e+01
-7.603539248729777000e+01
-1.102809056899787237e+02
-1.646491104405630779e+02
-2.781846846641525417e+02
-3.287948413986866285e+02
-4.238732110148856123e+02
-4.386687737883470959e+02
-5.142210187125994025e+02
-5.230759342688847937e+02
-1.724947233782682190e+02
3.790797335439109474e+02
7.187679036297560060e+02
7.108109032185765273e+02
5.876243751142961855e+02
5.600922894855416416e+02
3.524363464577423315e+02
1.508817296362618947e+02
1.413979459487249279e+01
-6.256756268076349770e+00
1.183758489663113522e+01
-1.750424642635698831e+02
-1.274891053181370637e+02
-2.494436185000859325e+02
-2.633334298545289016e+02
-3.860724950233671962e+02
-3.793170693442178276e+02
-5.050171141395500740e+02
-5.337839676638909623e+02
-6.872260528859067108e+02
-2.477590261089211481e+02
2.791372403570591132e+02
6.647316359332975253e+02
6.421649814213812988e+02
5.463206654896623604e+02
4.871686477942889155e+02
3.859610136621196830e+02
1.914376275923793003e+02
-3.709610594223737223e+01
6.573382135351182853e+01
-1.675622060583756650e+02
-1.233214632776849840e+02
-9.860356188015995826e+01
-1.062309882313575855e+02
-2.473151892516481212e+02
-2.134492029419463961e+02
-3.178686240218617058e+02
-4.807312993054449635e+02
-5.198864918647101376e+02
-5.206516510653046907e+02
-5.153778088087725564e+02
-1.110684982148326014e+02
4.778391350010973042e+02
7.431607462495875325e+02
6.021993522708220326e+02
4.839303443934119855e+02
2.325604664918698177e+02
1.757808969021568259e+02
-7.165967857735186897e+01
-9.180193916372631691e+01
-1.221443648624082670e+02
-1.206566206156590511e+02
-2.535348868616339644e+02
-3.197043409487657755e+02
-2.487521981369114314e+02
-2.717207362227744625e+02
-4.487530743329494953e+02
-5.357435980624194372e+02
-4.934317020053277929e+02
-5.542210140115213335e+01
4.179803339151164323e+02
6.483643580267263360e+02
6.828147977361030598e+02
6.591804667139251706e+02
3.719674254917372878e+02
3.665229363758328418e+02
8.489163846854206952e+01
-4.745467411170418615e+01
-1.181662839235714983e+02
-1.339156631747453616e+02
-1.992226246697740351e+02
-2.356452705159605046e+02
-2.973330538340333646e+02
-4.770890073956672950e+02
-4.131705930090181482e+02
-4.969074364506331563e+02
-5.756181698083145193e+02
-3.811040403536248391e+02
5.829319645036105868e+01
5.392145276189430660e+02
7.068084670733117036e+02
6.840621155715224404e+02
6.434749418992474830e+02
5.500080010962457209e+02
2.920300839209409673e+02
1.140103560580042057e+02
3.325018849918622266e+01
-1.533630912706941558e+02
-8.634221688714511345e+01
-1.224745151848058384e+02
-2.347449349391484930e+02
-2.743818572980853787e+02
-3.330930627838815781e+02
-3.608362582657728126e+02
-4.157400681554761377e+02
-5.798767960415725611e+02
-4.095051885071436573e+02
8.389906827984390247e+01
5.677749725810161863e+02
7.066878561693049505e+02
6.934212691948417842e+02
5.251979336293708229e+02
3.954482133421411163e+02
2.402434755200846155e+02
3.875949005355352028e+01
2.345098243204910915e+01
-1.293350137874545283e+02
-1.844320965744284706e+02
-1.447494130789238227e+02
-2.100461250784657352e+02
-2.439643299326406236e+02
-3.783357250871648603e+02
-4.386195342982305760e+02
-5.423383475626214931e+02
-6.182962668383096343e+02
-4.475718273118643538e+02
-3.116641633096039143e+01
4.959948409568825127e+02
7.686361003915959600e+02
6.329396821283820600e+02
5.922676194680293520e+02
5.230015087948418113e+02
2.444973945791883239e+02
9.646811285356312737e+01
-3.997096385684136521e+01
-1.309830176084706181e+02
-1.456498335042942642e+02
-1.063652809822119707e+02
-1.404929747502401369e+02
-2.545764276543337985e+02
-3.400932682757820658e+02
-4.041690369448173783e+02
-5.756927448579762086e+02
-5.456086769416306197e+02
-6.074079879857226842e+02
-3.299821523106638779e+02
1.560390564694563409e+02
6.155526060199221092e+02
5.277317324630985240e+02
6.001814177743369783e+02
4.062758063069328500e+02
3.039107386808556726e+02
1.673686811245818262e+02
8.920285268513453047e+01
-7.917866018591193722e+01
-5.905732600329210413e+01
-6.881013860005488425e+01
-4.615904537575256228e+01
-1.886346201709339141e+02
-1.476805114142316313e+02
-1.641960250802000871e+02
-3.581776818142205911e+02
-3.893503343450965417e+02
-4.644616968282659855e+02
-6.068545770951243412e+02
-4.833061453733058102e+02
8.143843169121971926e+00
5.261480371970411625e+02
6.559494768027911960e+02
5.841141177612199726e+02
4.729280600762000404e+02
2.615449831460782093e+02
1.062107669341483103e+02
-1.385573885711436617e+02
-1.630534166198657431e+02
-2.270238380618327199e+02
-9.387794585160305871e+01
-1.630188266233646175e+02
-1.328375647311245018e+02
-2.630041025200073932e+02
-3.444109074536577282e+02
-3.387510882527773788e+02
-4.124489885848102517e+02
-3.362108197325899823e+02
-1.345874291270680487e+02
3.527024813631058464e+02
7.336068025084383635e+02
7.179419794872455896e+02
5.918482511221292270e+02
5.054324456940578330e+02
3.858675075323607757e+02
1.001370356044751873e+02
-1.056838245203196891e+01
-9.158045399011444943e+01
-1.069339842227220601e+02
-1.753331409384658457e+02
-1.786524604740923508e+02
-3.100722815083693717e+02
-2.746356647288954491e+02
-3.959677952729359163e+02
-4.882718261207089654e+02
-6.030407103492915439e+02
-5.642330657150115485e+02
-3.235650853576606210e+02
3.558045050783540546e+02
7.613070310269561105e+02
8.263711787599445415e+02
7.815773838216501872e+02
6.566982006136397558e+02
4.593615089213834040e+02
1.796956678332327897e+02
8.010413465004059219e+01
-2.491702553156763145e+01
1.223436121040818492e+01
-2.355395827840043665e+01
-1.141952201616074518e+02
-1.827089435755532350e+02
-2.903471824455851902e+02
-3.153713245392212343e+02
-4.202413555601614235e+02
-4.616741212330659323e+02
-5.464130407493773873e+02
-5.983138370269881534e+02
-4.837705253467113948e+02
8.236812025190867814e+01
5.717567249931962579e+02
6.889687887335780943e+02
6.156507594280456033e+02
5.726179916463754580e+02
4.563796769519395298e+02
2.904242536593772570e+02
1.872275017955562078e+02
-5.284726662793261909e+01
-1.305517737457313956e+02
-7.403511482955595113e+01
-9.926219969124872478e+01
-1.003075947923005486e+02
-2.278537864331644016e+02
-2.829899102046369990e+02
-3.222451813137385557e+02
-4.109994783661930455e+02
-3.766041164026158867e+02
-6.055226374018094475e+02
-5.984224185507243874e+02
-4.548143968103314023e+02
1.003268226200535480e+02
5.717112450833247976e+02
7.271724633957148853e+02
6.563274881408997317e+02
5.462619313983148004e+02
4.148770492821190601e+02
2.391595035032417513e+02
1.663658923768988416e+02
5.712041364578157143e+00
-7.376091257167824722e+01
-5.154113565669442920e+01
-1.247958130992951169e+02
-1.595808280098079308e+02
-1.892927271886733820e+02
-2.976772029958291910e+02
-3.115426485572584738e+02
-3.741185512703216887e+02
-5.690609707029400397e+02
-5.739338094906056540e+02
-5.210710933343129909e+02
-3.797935158218144807e+02
8.703077798076404292e+01
5.932807262901052354e+02
7.027497958650210421e+02
5.840433094089729593e+02
5.875459250667602191e+02
4.238416414727424240e+02
2.080673286384869698e+02
4.341920651002556752e+01
-4.435811185366877396e+01
-4.229078180594589753e+01
-1.032912141472418597e+02
-4.918097282465722486e+01
-8.788079502197119552e+01
-1.833271243790083247e+02
-2.686382180901134689e+02
-2.811649044245077675e+02
-2.957353746511707300e+02
-4.156315103418638728e+02
-4.674096950666564680e+02
-6.302192141796426768e+02
-4.899496749865843412e+02
4.207781058865214163e+01
5.681700468802945352e+02
7.402115418434091225e+02
7.026952820061158036e+02
5.420720912712079098e+02
3.950009118281851102e+02
2.156343781722615347e+02
-6.263001273787089218e+01
-1.148603249761735299e+02
-1.698128277374466393e+02
-1.059939994479573926e+02
-8.822310722044279885e+01
-1.393927519058364908e+02
-2.278035053421966722e+02
-2.574371561231177452e+02
-3.415687808532670147e+02
-3.672261979224284687e+02
-5.444793428829584627e+02
-4.131209021541845345e+02
-5.560096061649731780e+01
5.241842324763314309e+02
7.326725560060906446e+02
7.086662721622419667e+02
6.431204115126408851e+02
4.517375804689116308e+02
3.665464721087409430e+02
1.727962880053033246e+02
-7.127835448860398060e+01
-1.435383984317469164e+01
-1.363447466687828751e+02
-9.498268928215949813e+01
-1.769430556515230251e+02
-2.314363513922920959e+02
-3.564610082186708837e+02
-3.409619664848099205e+02
-4.631570072445288133e+02
-5.828210148567727629e+02
-5.663143666845649022e+02
-4.040513904485878243e+02
2.716138570943444961e+02
6.791313414557839678e+02
8.560221944265745151e+02
8.380594966894888103e+02
6.967559642702400424e+02
5.063422995801158777e+02
3.050418707591326211e+02
5.399536433953571191e+01
-1.749035106690290053e+00
-3.108952881089532738e+01
-1.326773830966937169e+02
-1.017445209298774529e+02
-3.017366942128140295e+02
-3.277958350943644064e+02
-3.474899207334390212e+02
-4.218844109330039487e+02
-4.682392958588415581e+02
-5.309628814388970568e+02
-5.764024959924674931e+02
-3.715245749850751054e+02
8.409020262850948768e+01
5.185507799827346389e+02
6.351439364544046384e+02
7.086294209201547574e+02
6.116460596871792177e+02
5.400895325151674342e+02
2.652065221556187566e+02
4.795172805179218756e+01
2.967269010575702382e+01
-6.079481774524244742e+01
-6.648393137550706911e+01
-1.186415360956720377e+02
-1.620489616011645069e+02
-2.432936271808990512e+02
-2.449887084832078301e+02
-3.649485005856554949e+02
-4.421218231441984585e+02
-4.452951258972103687e+02
-5.743569706537301727e+02
-5.756932346391558895e+02
-3.788115500683385903e+02
1.984278528292290673e+02
6.162798279497956173e+02
7.363335066388118548e+02
6.623746786176324122e+02
5.705636238864996130e+02
4.042258703039439069e+02
1.578075835925913566e+02
1.081470754809454036e+02
-1.210870738746126420e+02
-5.063595193142288764e+01
-7.736572405854860790e+01
-1.281743015506453673e+02
-2.236682320122513659e+02
-2.287786183373494566e+02
-2.300972715733870189e+02
-4.423835638217139490e+02
-4.498596366938144797e+02
-4.403989929461136512e+02
-4.631626401475949706e+02
-5.831870033314469310e+02
-2.005237777209789840e+02
3.483311655985655761e+02
6.829128669929068565e+02
7.428425191119391684e+02
6.893319918828287882e+02
4.450881470045595734e+02
3.037369389823876418e+02
1.605501189520722960e+02
1.100200026432639504e+02
4.393609754930218969e+01
-2.163509883861507177e+01
-8.835442132875063237e+01
-1.176372437318637907e+02
-1.423733830552343704e+02
-1.558348576543702393e+02
-1.759349031195868633e+02
-3.195420006295699409e+02
-4.101049655586255653e+02
-4.927378075147300365e+02
-5.139274286817454822e+02
-5.304557198915646268e+02
-2.025686727115880785e+02
3.428716803233980954e+02
7.399054321370680327e+02
7.697688872591440941e+02
5.693651004360556271e+02
4.761018096775230788e+02
3.313418926862044600e+02
1.828204615009599650e+02
9.595547797842689874e+01
-2.105157162521313907e+01
-2.711567645076351951e+00
-2.124969683033390666e+01
8.549904864259156412e+00
-1.547418887460927124e+02
-1.271334378036340524e+02
-2.204703061165570546e+02
-2.999284105245085925e+02
-3.157650606742190575e+02
-4.111682063706336407e+02
-4.267538712617106853e+02
-4.718718028916354115e+02
-1.483171577796861129e+02
4.006912168350417005e+02
6.685462433257278008e+02
6.428550546964522709e+02
6.731969167275381096e+02
3.795110839701011400e+02
3.497596023209810028e+02
4.768368509052451998e+01
1.850154833362211093e+01
-9.269799793322667369e+01
-1.295853086075461533e+02
-6.354448653219117205e+01
-2.514219620919471367e+02
-2.524009745461934244e+02
-3.193564310024598853e+02
-3.458267579254320481e+02
-4.689996810872482911e+02
-5.409497448248445153e+02
-4.261503432114455450e+02
1.486062900503048638e+02
6.092292050215938843e+02
7.579069667673635422e+02
6.381473748646196782e+02
6.071989699567407115e+02
5.044106707936543899e+02
2.889260394763176123e+02
4.342486054449037880e+01
-4.421698574635510859e+00
-2.103565312578553801e+02
-2.239183683124216202e+02
-2.070981786883537268e+02
-2.823316447439708554e+02
-3.462705550526387128e+02
-3.762878242278105745e+02
-4.173638075354396051e+02
-5.505958045616021082e+02
-6.224045578001586136e+02
-5.155873347363997254e+02
-5.928786773243111874e+00
5.156980327808605580e+02
7.613789519728105688e+02
8.374839100241526921e+02
5.581004744511679974e+02
4.457802068407748948e+02
2.417584778577138422e+02
1.135216808702050884e+02
-1.117827494984280605e+02
-9.114205714057096941e+01
-1.532234582729912518e+02
-2.018616935571875786e+02
-1.694742559381726039e+02
-2.340694933065655619e+02
-3.516854506060919903e+02
-4.054177213268007449e+02
-4.424753115586964896e+02
-4.410367171311485777e+02
-6.553956446638077296e+02
-5.280129312612273225e+02
-4.193547158503259453e+01
4.778131539604879094e+02
7.477584095404083655e+02
7.141419073516539129e+02
5.908315796869675296e+02
4.153124974303410113e+02
3.179100419458611668e+02
4.120347463949795497e+01
-2.397016295423318866e+01
-1.272074527715245864e+02
-1.483904658420738372e+02
-1.712011427074185974e+02
-2.012834001872143119e+02
-2.558433966789297642e+02
-3.068568443949272933e+02
-4.191710944827875664e+02
-4.259124773179653971e+02
-4.136829494172393424e+02
-5.364718479404490381e+02
-5.567126179104739094e+02
-7.524952419576924001e+01
4.535863994417778144e+02
6.820775903072939172e+02
6.867060452644718680e+02
5.956125276290770216e+02
4.865591212009672972e+02
2.934255841735512718e+02
1.535144609121770429e+02
3.394245044574849146e+01
-3.074287177683188155e+00
-8.456310875283594441e+01
-1.217460151694951520e+02
-1.659610096090649165e+02
-1.676730509195070056e+02
-2.139325483563643502e+02
-3.126967492694158750e+02
-3.072735605249495734e+02
-4.142045339285060663e+02
-3.911227004647395802e+02
-5.390019638563612716e+02
-3.836857177950154778e+02
1.448858468266659827e+02
6.214454315685055690e+02
7.256474700071410098e+02
6.373664776598855042e+02
6.461768439916999114e+02
3.714453805525563439e+02
3.557055420603204539e+02
1.175279478755157072e+02
6.607897929297539008e+01
2.440614972283000128e+01
1.295663310168020566e+01
-2.355565450979104725e+01
-1.013958121015368619e+02
-1.196555185020380634e+02
-1.848901997186874553e+02
-2.417107008327637914e+02
-2.893654510319555584e+02
-3.926287651535998293e+02
-4.810044275049070848e+02
-4.017690374467957781e+02
-4.370517407523610700e+02
1.648267051872871889e+02
6.431540199180388981e+02
7.203620724198872267e+02
6.810043748788796165e+02
5.682921757308224642e+02
3.831061615558863878e+02
1.745046025522455864e+02
8.885567382936037006e+01
-9.188345285222600012e+01
-5.551141867898186533e+00
-1.556735072889156584e+02
-1.286584709949722765e+02
-1.014588501635632696e+02
-3.039825429542586335e+02
-3.295540709914935746e+02
-4.293641451265243063e+02
-4.694642927610141214e+02
-4.811090078369546745e+02
-4.726976804478860004e+02
4.410249991649203061e+00
4.484196569135905861e+02
6.945536985629159972e+02
7.266130930450946153e+02
6.303298359373761741e+02
4.589717075688416230e+02
2.163120768138533379e+02
8.343376747539642224e+01
-5.076980056941351194e+01
-1.323878063039870767e+02
-1.405087780662651369e+02
-2.421249639969367138e+02
-2.226042671743026347e+02
-3.421561034550529712e+02
-3.691381255386354496e+02
-5.186456146288852551e+02
-4.865312789927788799e+02
-5.978965588039271779e+02
-7.334096149855237172e+02
-3.458336441717069647e+02
2.842535281523946651e+02
6.604359952347685976e+02
7.467659296796739454e+02
7.966040617520260412e+02
5.317667555553907732e+02
4.731260267481293340e+02
1.816945488739407892e+02
-1.766638630554301770e+01
-1.005087077855708912e+02
-7.249426902822963825e+01
-5.662665583662087698e+01
-1.479166736686350703e+02
-2.692220692639313597e+02
-3.160388638916106174e+02
-3.661081546196034537e+02
-4.677788122744526618e+02
-5.194634313700172470e+02
-4.834754104060421014e+02
-6.128753083453489126e+02
-5.511297087480317032e+02
-2.063608615961362318e+02
3.547140333774717078e+02
6.635154030891168304e+02
7.327617637689128287e+02
6.117093370228882350e+02
4.763192101526126407e+02
3.997104744259880817e+02
2.750097228236565456e+02
9.138059142773508370e+01
4.136255807366207016e+00
-1.756344949619497413e+02
-9.622965985766512631e+01
-1.160517199112277353e+02
-1.604320062490486123e+02
-2.803633953117017654e+02
-3.119244820371006313e+02
-3.727211581847143407e+02
-3.961593275756586650e+02
-4.595590197517061597e+02
-4.123408787210056516e+02
-6.075310734563748838e+02
-2.595293034777866410e+02
3.010694351825587205e+02
5.997231635742796243e+02
7.436277822696564499e+02
7.452472009505902406e+02
6.442683365735354073e+02
4.837318269193204401e+02
2.905389607924881830e+02
8.274862748821783498e+01
4.943433512242526717e+01
-1.177332274443597129e+02
-7.097328066266486246e+01
-2.145376153464817293e+01
-1.462728013201736132e+02
-1.364083066070094503e+02
-1.880351345478993323e+02
-2.334386126632628873e+02
-3.714957454290203600e+02
-3.919712004040320608e+02
-4.616204879111575679e+02
-5.234204629344911837e+02
-4.779282373354398601e+02
-8.763908609145954642e+01
4.162644580200530413e+02
7.403396108542486900e+02
8.144372978283444127e+02
6.796113553187898333e+02
5.880319737097875077e+02
3.789134556913516008e+02
1.903854524005689086e+02
5.250808598944962569e+01
1.822107743253998180e+01
-4.915796079777210537e+01
-5.226906277482155616e+01
-1.313014791446859135e+02
-1.555508484181785605e+02
-1.718065218523520912e+02
-2.760842107105591481e+02
-2.845164050729313203e+02
-3.869172230613512511e+02
-4.763736215004635142e+02
-5.030280260503438399e+02
-5.815987948337221951e+02
-4.392729344786654906e+02
1.293707736882188541e+01
5.267063931896999520e+02
6.921558658690554466e+02
6.019076884438313755e+02
5.753910949514045114e+02
5.029747369550246390e+02
2.931935934183488257e+02
6.936090861442212940e+01
1.154502724483770670e+01
-8.783124675973535744e+00
3.008347896736860427e+00
-1.009483224222319819e+02
-8.879570952941436701e+01
-1.079617974051747069e+02
-2.009110170972361118e+02
-2.191031051641436136e+02
-3.775960701424297099e+02
-3.627251429773048130e+02
-4.476017102973841588e+02
-5.499412624308962450e+02
-5.099838844036298156e+02
-1.485573862141735333e+02
4.412898567014265723e+02
6.053302736919478093e+02
6.627129124379587211e+02
5.630420307429784543e+02
3.661534706392980638e+02
1.517527058843028840e+02
-1.518247227205301897e+01
-1.692791709623524810e+02
-2.259139335641023933e+02
-1.863020219394151695e+02
-2.033236085618418656e+02
-2.803583771008756003e+02
-2.234605139941893981e+02
-3.554248856346979437e+02
-4.044826481471416741e+02
-5.428243047995817960e+02
-5.248533077827214584e+02
-4.717965143394193888e+02
6.427846415888298282e+01
5.287962978345386773e+02
6.902066980652481334e+02
6.323007158130749303e+02
6.083472056326518214e+02
5.131190537017120050e+02
3.303542417491875653e+02
1.106876849746380316e+02
-7.892331700819802620e+01
-1.073091837118002871e+02
-1.357665981441792553e+02
-1.657692287099350494e+02
-3.092507569743978593e+02
-2.166214591332283987e+02
-3.089366796470325198e+02
-4.176697869831023127e+02
-4.907710677024477377e+02
-4.997302981069420298e+02
-5.688033253688374771e+02
-2.171280087117386017e+02
3.836963607767808639e+02
6.876778463355868780e+02
7.653335795487248561e+02
5.995422676043899628e+02
5.263549119009072683e+02
4.031017660582179474e+02
1.944021111140458515e+02
1.377408251169448050e+01
-1.122361166063319047e+02
-6.279946984265285437e+01
-9.240013722159170584e+01
-1.635821980075811837e+02
-2.420413897998215020e+02
-3.006053046198084644e+02
-2.770891663885118419e+02
-3.872917583960096977e+02
-4.700740255321252334e+02
-5.473555356578320925e+02
-4.618057191363196807e+02
-9.994224285522345497e+01
5.206238972271759167e+02
7.017155900734967418e+02
7.175641446647375687e+02
6.258450762423475453e+02
4.935572273217297834e+02
2.734846599723173313e+02
1.386932682624370443e+02
-7.850209592531048486e+01
1.005283819402217205e+01
-1.240938777189062705e+02
-1.306225379590172508e+02
-1.381071121134936277e+02
-2.005485371508610513e+02
-2.673671225203782456e+02
-3.098207718270176656e+02
-3.782857991520516521e+02
-3.983038197230029596e+02
-5.056540703088678583e+02
-4.616152171648636227e+02
-9.501116290823711097e+01
5.031766753290779093e+02
7.687334916229982582e+02
7.185379817083991156e+02
6.596095351383747811e+02
4.634277013510964593e+02
3.262498548123533624e+02
1.046458059458758783e+02
2.153954762714449345e+01
-9.385249233084248743e+00
-9.259162313238650199e+01
-8.496948844943747758e+01
-2.258651113893796776e+02
-1.738308469173480546e+02
-2.864759473988574427e+02
-3.392397284963761876e+02
-4.187446513127059120e+02
-4.684092236004117922e+02
-5.085517828859196356e+02
-5.090460920433072829e+02
-1.183215321624906409e+02
5.165173697327110176e+02
7.496536511605920623e+02
6.446077017822915423e+02
5.733753431077072946e+02
3.378077413512603471e+02
2.167474414775929858e+02
9.915235446637210259e+01
-1.352527726667389096e+01
-5.711215326328670017e+01
-1.175421544648294088e+02
-1.370275937184066208e+02
-1.042143086253367557e+02
-1.914966376421082259e+02
-2.605630763727966155e+02
-3.664128443095647754e+02
-4.098480887543159383e+02
-4.844422038357586189e+02
-5.007661506027585006e+02
-5.535924818684312640e+02
-2.888431666472784514e+02
1.276739057185540531e+02
5.934832275184563741e+02
6.895177433931729638e+02
4.841400700544148208e+02
4.683654352123481317e+02
1.682562710601477534e+02
1.060523859184959292e+02
-7.071619775171210165e+01
-1.180208479772799706e+02
-1.762204420384896366e+02
-2.460913699015460452e+02
-2.135953480521982897e+02
-1.619366362072500749e+02
-3.355301467153637418e+02
-3.959810075562064071e+02
-4.358350010226981226e+02
-4.175233642859918177e+02
-5.052213964807390880e+02
-1.108106889040006848e+02
5.362370502429503176e+02
7.333142836667154825e+02
7.047596610485438759e+02
6.647813458747042432e+02
3.921389704501293068e+02
2.886896840314201427e+02
-5.326574847912241495e+01
-1.295484652393049316e+02
-1.551314053177727601e+02
-1.551629668349914937e+02
-9.724003612682710695e+01
-2.731595767075795607e+02
-3.451050447169808422e+02
-4.277183322338357243e+02
-4.664604965632090625e+02
-5.095250713255938990e+02
-6.667991318421547930e+02
-4.800942318180379402e+02
-2.434916612811088399e+01
5.207127431017531762e+02
8.287528411739051535e+02
8.354013265212837496e+02
7.867061598813471619e+02
5.381221115641503729e+02
4.423210972953754663e+02
1.470633091992847028e+02
-6.232400436960905665e+01
-3.903355904404603649e+01
-6.601232168560407843e+01
-1.389193508616849897e+02
-2.334480310209434322e+02
-1.412063308370670427e+02
-3.147391417355338490e+02
-3.203478803173223355e+02
-4.127040984648716631e+02
-3.998687070831963979e+02
-5.190967750883776262e+02
-4.716035907271525502e+02
-1.926534396405274379e+02
4.454910209935636090e+02
7.240653275801463451e+02
7.368937917616851792e+02
6.379891374667487298e+02
6.082427671653912284e+02
3.918061958392042925e+02
2.135532207286875064e+02
9.372164740493003876e+01
-4.335621547096751982e+01
-5.842762055958871059e+01
-7.251467397091114719e+01
-1.007677913051364982e+02
-1.670656765788885991e+02
-3.101596886842002618e+02
-3.701076581997133985e+02
-3.554656160064297978e+02
-4.394005983431662230e+02
-4.705190121074726335e+02
-5.752185619462546811e+02
-3.650562696419555095e+02
2.553465999053406392e+02
6.361399587832080442e+02
7.985897484702600195e+02
6.442638536567258143e+02
6.060277264438394695e+02
4.259983903950208060e+02
3.046415449994744904e+02
4.895389696225684872e+01
-1.526671154088796243e+02
-2.821143545483679915e+01
-1.528164896736698779e+02
-1.990413264491829182e+02
-1.978219592217983518e+02
-2.809840727660697439e+02
-2.225091354543955617e+02
-4.173158252854953503e+02
-4.726721179253185596e+02
-4.225655072457928441e+02
-5.445785261656592411e+02
-3.851779509025958532e+02
1.095730435476588696e+02
6.062660212182391888e+02
6.753617400912654603e+02
5.883862755681211638e+02
4.823515564214323490e+02
3.862868671685911295e+02
2.044559000301881895e+02
-2.327727436119280569e+01
-7.678258511086146143e+01
-1.014439023851031436e+02
-1.178754303025242223e+02
-8.145340649164792524e+01
-2.068337240848875922e+02
-2.448175366407063791e+02
-3.258416486281524840e+02
-4.648348501594031745e+02
-4.699353385625878445e+02
-4.644329191832788410e+02
-6.486629767276401708e+02
-3.912123165897545505e+02
1.383835658774630986e+02
5.826255402342522984e+02
6.900841811090760984e+02
6.077780192481244512e+02
4.901610604794204278e+02
3.439278927188537409e+02
2.149580259171173395e+02
1.530455871512803689e+01
-6.413301038946347887e+01
-1.003184051398588110e+02
-1.525398824130286357e+02
-1.799803110434267239e+02
-2.131789695496873946e+02
-3.082640083487780771e+02
-3.423305117201442727e+02
-4.923771973629169452e+02
-4.106316723497205317e+02
-5.726117353969725627e+02
-4.706648901164666086e+02
4.742444944107228366e+01
6.915721745593349397e+02
7.509032902910738585e+02
7.150990642529328625e+02
5.928872127101969909e+02
3.096196123947191268e+02
1.633576917443418779e+02
8.469173360751177881e+01
-7.291920501537580890e+01
-1.166119151083417194e+02
-1.063382285983042834e+02
-7.984283664055190854e+01
-1.592880915046917210e+02
-3.083487965851446688e+02
-4.402456308377218193e+02
-4.568954991934464829e+02
-5.152858054204300515e+02
-6.278290537779114402e+02
-3.273745197202928807e+02
1.839579024362539883e+02
6.663696443566050220e+02
8.038563033700445430e+02
7.222956437386293373e+02
6.619160988971123061e+02
5.529784539639573495e+02
3.155397382465380360e+02
1.848520365574423181e+02
-7.864300966266604576e+01
-1.178140150713436896e+02
-1.534722572000101763e+02
-2.326020036669938236e+02
-2.347762549979244113e+02
-3.053451563751308981e+02
-3.838755980133963135e+02
-4.611083291542398115e+02
-4.018977791504922834e+02
-5.301990500673100541e+02
-2.952089219619127221e+02
3.343740392070607754e+02
6.255941520971242653e+02
6.524519893135955044e+02
6.126308634915975517e+02
5.925263032345247893e+02
3.640190353025717513e+02
2.632408750729922531e+02
1.112757035156224532e+02
-7.654703686883709679e+01
-7.415366316210342745e+01
-1.309187110427924097e+02
-2.067342347471174833e+02
-2.160829590666857598e+02
-3.257233639748038172e+02
-3.697888797021563505e+02
-4.210142563455673326e+02
-5.299209814527057461e+02
-4.687598529824733760e+02
-3.043855507539065002e+02
1.480783384758584020e+02
6.064017939960887134e+02
7.126546069586264593e+02
6.745009844359253748e+02
5.452126231591082615e+02
4.386834530553992408e+02
1.710339462045487835e+02
5.754267698505861972e+01
-1.030320173540749238e+02
-1.318331424758659409e+02
-1.135581760278838459e+02
-1.866166324712010010e+02
-2.650373437626676036e+02
-2.575976782959721163e+02
-3.206763813161935559e+02
-3.685220252367820422e+02
-5.558920044687190511e+02
-4.269414758737000284e+02
-4.372952499353150415e+02
-1.250952694484482741e+01
4.138683193933415509e+02
7.154589932757759243e+02
7.641636503878122539e+02
5.902650170454473937e+02
4.407085515602311716e+02
2.148724120134725695e+02
2.932763314482892270e+01
1.768159306113539841e+01
-9.573286911507702257e+01
-1.219561853584452820e+02
-1.419614368143791978e+02
-2.510246049268444040e+02
-3.011673113871784153e+02
-3.433899087624063213e+02
-4.235030108150426145e+02
-5.293715198613621169e+02
-5.482913884659784571e+02
-6.463295807180123802e+02
-5.387672908566104297e+02
-3.012287476285869658e+01
4.859304646603669653e+02
6.785068174492847675e+02
6.201170064390303196e+02
5.522176203176821900e+02
4.286266111117723767e+02
2.308434207599696322e+02
1.320198105917511384e+02
-6.146634741076832853e+01
-8.965138840263460906e+01
-6.716790016457436252e+01
-1.183509912896137308e+02
-2.502503479687752588e+02
-2.167849457000833695e+02
-2.822568615961458249e+02
-3.919245721366869475e+02
-4.050683387596378111e+02
-4.926587409613690056e+02
-5.452683082481905785e+02
-2.888459313662934846e+02
2.395348814415889365e+02
6.549450764939397232e+02
6.321877336184389833e+02
5.544637791621288443e+02
4.159681679523451407e+02
2.512859046792552817e+02
2.943613229626473071e+01
-1.154300482308872660e+02
-1.672095357980343238e+02
-1.424610153016303116e+02
-9.616119426948385751e+01
-2.224220620219217892e+02
-2.686753435764592268e+02
-3.377150142997286935e+02
-3.087339548241300804e+02
-3.709207082119699521e+02
-5.082651022910745269e+02
-1.388669783342463688e+02
3.708883215730572829e+02
6.641938143499864964e+02
7.276921497558926148e+02
6.986717939218831361e+02
5.597552852503979466e+02
3.344412604265276627e+02
8.197939823469566534e+01
-7.302142388477403756e+01
-1.536247795686060442e+02
-1.798457396139079663e+02
-1.543591239109047990e+02
-3.456557307270250590e+02
-2.282070657066414299e+02
-3.111477740150319846e+02
-3.845930032017779467e+02
-4.692247022646473056e+02
-5.144763581453853476e+02
-5.272171481346930477e+02
-4.609709301763352585e+01
5.990843576828997357e+02
6.909431044199585585e+02
7.566597607169927642e+02
6.398180191835095911e+02
5.148934828114329321e+02
3.671628603471572205e+02
1.606523619147838247e+02
1.145646939755780558e+01
-4.598928895337818012e+00
-8.603906249850254540e+01
-1.041190225636078708e+02
-1.550250974718804287e+02
-2.906597972210411172e+02
-3.444126191472798268e+02
-3.501406136007232703e+02
-4.789166916250064787e+02
-5.127116780038199977e+02
-5.865072263557497081e+02
-2.372520840779083642e+02
2.294983283488106167e+02
6.202776705462466680e+02
5.653036066584468244e+02
5.632005155346466836e+02
5.917991603069003759e+02
2.917794594030576718e+02
1.020555725534282345e+02
-1.162328628380938156e+01
-1.106024007386348558e+02
-1.226435527746915568e+02
-1.290149320247059563e+02
-1.042653211746747246e+02
-2.279669334295058718e+02
-2.914506197049284992e+02
-3.420304485319684886e+02
-4.359727101376590781e+02
-5.025614278115288016e+02
-5.703424750785003425e+02
-5.230994736415495936e+02
-2.124185241996980267e+02
3.204299259413791106e+02
5.686909976283149035e+02
6.096705743607382146e+02
6.254746528446751199e+02
3.945582753981987594e+02
2.947451192660229822e+02
6.796539087169793447e+01
-6.658266182355457374e+01
-7.642818495972237258e+01
-8.159125219199992785e+01
-1.768627895180530061e+02
-1.176673841907901732e+02
-3.599842201697625228e+02
-3.144516043937132963e+02
-3.589870143514273195e+02
-4.223080378332163605e+02
-4.893579976152838071e+02
-5.455243628987647071e+02
-5.971992421812999510e+02
-2.594809546617445903e+02
3.903692622006768715e+02
6.532836075633404107e+02
6.557345069673165199e+02
5.814022746016640895e+02
4.393143754362106961e+02
2.754625027258999808e+02
1.644779954052696098e+02
5.325053220795706466e+01
-8.174581609483615807e+01
3.441512026743224339e+01
-6.865917384059062556e+01
-1.509105347934037979e+02
-2.457729197872586155e+02
-1.917588187136097986e+02
-2.229634458353800142e+02
-3.050291259707107656e+02
-4.034207206863092665e+02
-4.808074306341804913e+02
-5.391286116811169222e+02
-5.614945125219870761e+02
-2.037323783278691849e+02
4.306420866151810856e+02
7.151850750447869132e+02
6.335135296759384573e+02
5.949894509429935852e+02
4.593672030614483219e+02
2.635789944823491169e+02
6.948504072351796879e+01
-1.033379266311262370e+02
-1.259387652804564510e+02
-1.048450770892710437e+02
-2.001307513574109009e+02
-2.262014128010209504e+02
-2.589702360401780652e+02
-2.910849443606075511e+02
-3.516674983910158403e+02
-3.903090226971046945e+02
