-2.370762027650576442e+02
-2.484960683953177920e+02
-2.751960153695259805e+02
-2.979917559225271475e+02
-4.460030286404440290e+02
-5.109758760395686750e+02
-5.019171261015941923e+02
-4.923134784864049607e+02
-3.995027423335144476e+02
-2.964179872127546105e+02
1.723002716766233675e+02
6.403069673751538176e+02
8.112412683909860789e+02
8.063590878897446146e+02
7.112625919076565424e+02
6.286046081244771813e+02
5.309474874666738060e+02
3.258656511060945604e+02
1.841121387235078828e+02
9.741810132076027173e+01
-1.161771978486329238e-01
2.007941286150485283e+01
-6.996449172923061788e+00
-3.731041419078152188e+01
-8.626439672452639229e+01
-1.055757056828470155e+02
-1.837335149940953727e+02
-1.591037922284796196e+02
-3.066152733294049426e+02
-2.958107747754476691e+02
-4.035645416090945332e+02
-4.068011652999800276e+02
-4.740023412143701194e+02
-5.978868661034200613e+02
-5.372530050751720410e+02
-4.305140185827081041e+02
-2.928304727591673284e+01
4.470181666205496072e+02
7.160683562835569091e+02
7.257531139761964596e+02
7.317073465420438652e+02
6.580360651130366705e+02
5.509855328007664639e+02
4.483002696977090409e+02
3.052938841377153381e+02
1.293811731591531782e+02
7.866500276671268921e+01
4.804320737587195111e+01
3.232392692858800132e+01
-1.167152855598722283e+02
-4.487656452646238137e+01
-1.826902302237674647e+01
-7.265406319081611741e+01
-1.276744098240174452e+02
-2.109172959687494142e+02
-1.517476423136409664e+02
-2.512964880103082805e+02
-3.426303116771803730e+02
-4.069199804310524087e+02
-4.704086575583304466e+02
-5.221025520219642431e+02
-5.709270308664007416e+02
-2.937491492898549836e+02
1.280702723516897379e+02
5.102913069764701390e+02
8.033479726579191720e+02
7.337466988823241536e+02
6.567634202923851490e+02
6.123251110567920250e+02
4.173014750515968103e+02
3.528606470356034492e+02
7.362451760062177186e+01
4.748839585621412596e+01
-1.475688161371052161e+02
-7.217946244950555013e+01
-1.804968919773069160e+02
-1.793618266949135034e+02
-1.785780329925867136e+02
-1.609657419319977123e+02
-2.158335705784888319e+02
-2.310963634207069788e+02
-2.895880035063102582e+02
-3.862313807703647512e+02
-4.680476012047411700e+02
-4.994806258843812543e+02
-5.059646242557928417e+02
-1.910041050294007903e+02
2.985616718967532961e+02
6.045247515585941755e+02
6.995930759336720257e+02
7.071293976477392107e+02
6.584742931559380850e+02
5.704111178705933298e+02
3.964868302736025498e+02
2.081693897256369326e+02
1.353903082680833165e+02
6.445907276874842751e+01
-1.118378298487076421e+02
-2.401642262420760972e+02
-2.380484266259666128e+02
-2.539474940521319581e+02
-2.768443303440848240e+02
-3.780188149387578278e+02
-3.161671049380869931e+02
-3.567606096961101798e+02
-4.156088278964504639e+02
-5.002115707094818617e+02
-5.817589220443784370e+02
-6.464381896918674784e+02
-5.959406742558201131e+02
-2.444286157230236540e+02
2.153757291117203749e+02
6.245509753457934039e+02
7.174467376678103392e+02
6.863264618092858882e+02
6.415416332309320069e+02
5.600018880597923498e+02
4.459345616833970780e+02
3.653756854615994598e+02
2.063407560782167423e+02
-5.747717877522737950e+01
-1.022130528597139403e+02
-1.867042279891023782e+02
-2.048389689706770866e+02
-2.126101750724400006e+02
-2.270246670162738667e+02
-2.477424168217932277e+02
-3.085738068485329109e+02
-3.470518852407543591e+02
-4.047265476668736710e+02
-4.307476474055331437e+02
-4.706252053629538636e+02
-5.581773341129762684e+02
-5.621151794938222110e+02
-5.514142215438122321e+02
-2.795971231865185018e+02
2.346544027077204930e+02
6.287966457180370980e+02
6.978826556314384106e+02
6.446659131231840547e+02
5.719907732947472141e+02
5.823449918772016645e+02
4.371105436563966009e+02
3.043841487786588118e+02
9.059576703254735719e+01
-5.276350864174154331e+00
-1.220504939376189100e+02
-1.434271302210245267e+02
-8.586122906856850534e+01
-1.833506932559026268e+02
-2.176843811146293888e+02
-3.296251312030562417e+02
-2.700598918709517307e+02
-3.290548991932999456e+02
-3.815013630127335773e+02
-4.437208067685162973e+02
-4.191603443655153569e+02
-4.833130852168717411e+02
-6.384478596765543443e+02
-4.770750192716973288e+02
-3.366295075872639586e+02
1.300153176708876117e+02
5.400095313539862900e+02
7.373864055636529429e+02
7.160473499605813004e+02
7.184604326600216382e+02
5.850982249736663334e+02
3.330261878528819466e+02
3.004981442630944457e+02
9.881900462660212270e+01
1.237312589408177921e+01
-6.405107401605037865e+01
-6.865567637944083401e+01
-2.919286296609621090e+01
-1.283051372026414754e+02
-1.988213890964952384e+02
-1.302897482210166515e+02
-3.031874830583225844e+02
-2.548122516000227336e+02
-2.790100785391491058e+02
-4.417988233410408725e+02
-4.033418849695982544e+02
-4.544360281377799993e+02
-5.037019029623400002e+02
-4.819440100426393201e+02
-4.410839129748881646e+02
2.930211597131999568e+01
4.488402818363234701e+02
7.556587733487118612e+02
7.635094074477259483e+02
7.718034766483592648e+02
5.507211254283755579e+02
4.720104197550134018e+02
4.087383539834554540e+02
2.711920928756408102e+02
7.040920850642087281e+00
1.286222869413923320e+01
-1.057447464371201846e+02
-7.104033271780437531e+01
-7.553418242946302996e+01
-3.682824741316748174e+01
-1.443986221970729957e+02
-1.292921972256099821e+02
-1.956000202134321171e+02
-3.753811613722568836e+02
-3.178584708336681501e+02
-3.998977223766108864e+02
-4.628883361159321908e+02
-5.187289144500514340e+02
-5.109310135038430758e+02
-4.822076520863998326e+02
-2.892636461370212828e+02
1.723240770685553969e+02
5.850793204987653553e+02
7.039416503683668225e+02
7.541239013440094823e+02
7.360802526046522871e+02
5.991729372299522538e+02
5.863939282193354074e+02
4.785258243785081618e+02
1.995820985676377859e+02
1.412929886217788749e+02
-1.223108173648028796e+01
-6.017708736359805499e+01
-6.442329826263612347e+01
-9.617386257076181266e+01
-8.256823957319464569e+01
-1.037101883898889838e+02
-1.914100208105889465e+02
-1.299851848871414859e+02
-3.204388528374415728e+02
-2.642437703388382033e+02
-3.127209452314845066e+02
-4.496520894429485224e+02
-4.043716485501315105e+02
-5.183970965832229467e+02
-4.691668689350776162e+02
-2.965476933666488435e+02
2.096409822394253979e+02
6.387762586834697913e+02
6.485112412592632154e+02
7.509106911379999474e+02
6.275168534144373780e+02
5.751136696972560003e+02
3.637867746379801588e+02
3.516302597119325242e+02
2.230240437581237813e+02
1.101612560180397651e+02
-5.977550870113770287e+01
-3.562660182530103725e+01
-9.089399506183961819e+01
-4.661287470691821255e+01
-1.604392929186353172e+02
-2.103352540297263999e+02
-3.280925957904269126e+02
-2.795385062373450182e+02
-2.982087476071775995e+02
-5.010569467309566107e+02
-5.309534497309771268e+02
-5.606885092431731437e+02
-4.997603105643861454e+02
1.066299608027450674e+01
4.048614663833076293e+02
7.015217948082255361e+02
8.147457388961582865e+02
7.397695705293617721e+02
7.149212185857655868e+02
5.719896145714731119e+02
4.202727844770993784e+02
3.548135284222534551e+02
1.765023190012809096e+02
3.816220974538273225e+01
-1.217494758256436853e+02
-7.647982594688541269e+01
-1.654330197767683330e+02
-2.509533161659004179e+02
-2.958130859105439754e+02
-2.851934579817693134e+02
-3.922760358353278889e+02
-4.664282280985300986e+02
-4.392447648116857408e+02
-4.466054448183535897e+02
-4.485281828784580398e+02
-5.586956329611892897e+02
-4.840466119415002026e+02
-2.288042758678688244e+02
1.595619413857006634e+02
5.028792562641297650e+02
7.325322564939734775e+02
6.204691577476030488e+02
6.756097049406093902e+02
5.222606159659790137e+02
4.633501449837519317e+02
3.671298880087101111e+02
1.965215487179674199e+02
-5.668415756534294303e+01
-1.057350452211770317e+02
-2.209748172297549047e+02
-1.933610329168344037e+02
-1.533680507948142520e+02
-3.042065843238507341e+02
-3.146614189564602952e+02
-3.113956803718223796e+02
-4.205510839891563819e+02
-4.287922155805255215e+02
-4.859135382716376057e+02
-4.994579226068885873e+02
-5.265318451843816092e+02
-5.874588221053390953e+02
-3.868023406816772649e+02
-1.813193428483046432e+00
4.279160481746887399e+02
6.348655917482609539e+02
7.810411787545025391e+02
7.407237828154715089e+02
5.542531639676135455e+02
4.112179066957157261e+02
3.205029241681420444e+02
1.337428857347443625e+02
5.822462850811363211e+01
-7.189760327175123678e+01
-2.079926217144999328e+02
-2.495735760767343265e+02
-1.703353252837599143e+02
-2.318670337044114262e+02
-2.149817481961694341e+02
-2.526664585291625542e+02
-3.298348093396352283e+02
-3.715972801155548382e+02
-4.294198732825684033e+02
-4.692350945229088097e+02
-5.045196932787680453e+02
-5.186207581047119675e+02
-5.527820347958927414e+02
-1.766094153027472302e+01
4.301179145870083858e+02
6.815341057326776308e+02
7.596664055712502659e+02
6.774098311758467617e+02
6.050580211713257768e+02
5.120159265770736283e+02
3.773641137695966563e+02
2.375396178457305325e+02
2.362415940021903538e+01
-4.562369326094339783e+01
-9.538099673938313572e+01
-1.356774906206466937e+02
-1.808392432438142521e+02
-1.708337150564325100e+02
-2.134671754385818474e+02
-3.129870057974878819e+02
-2.952212837797235352e+02
-3.618309068760999594e+02
-4.673987544866895973e+02
-4.986395186305297784e+02
-4.369146372964852389e+02
-5.947621072894719418e+02
-4.475563989030321181e+02
-1.086089587926357325e+02
3.199689209555914999e+02
6.552644227987841532e+02
7.077435399458363463e+02
7.110579060586601372e+02
5.757418469453131138e+02
4.702688797567474239e+02
3.382369502107974881e+02
3.003294064789769777e+02
1.052772135637827375e+02
-8.297408243046922394e+01
-6.978285987311117822e+01
-4.579278308850990697e+01
-6.368510460962382780e+01
-1.042540753770576742e+02
-1.148794814855433231e+02
-1.479887904070769764e+02
-2.641648463125263788e+02
-2.646324654389452462e+02
-3.912327180158033002e+02
-4.425863786739163857e+02
-4.834814274523490667e+02
-4.910524264013012612e+02
-5.196587093333087068e+02
-2.093624844784777110e+02
2.619538224413578860e+02
5.981725442241693145e+02
6.545441634344841759e+02
6.925383515648178445e+02
6.278346677248241576e+02
4.268370855230163556e+02
3.926404601166148041e+02
1.744338049298428075e+02
6.200147707798868879e+01
-1.751637201149065959e+01
-1.621276762960970643e+02
-1.179625044349107554e+02
-1.339427635173457247e+02
-1.846985100091102368e+02
-2.163104823740792142e+02
-2.749869681260186667e+02
-2.769717467814510883e+02
-2.828080449328472241e+02
-3.045904244991169207e+02
-3.945690168435617124e+02
-4.278946264097203880e+02
-2.761705071868690879e+02
8.079464469966633544e+01
4.076865411432775090e+02
6.899833262248154142e+02
7.659937063588619139e+02
7.072473816963517947e+02
6.349776339109695300e+02
4.533449266387436865e+02
3.600708548331993484e+02
1.972898765758122863e+02
2.108400793055588451e+01
-6.355635476701988296e+01
-1.263296675550826791e+02
-1.784276592935258918e+02
-1.688312234939774328e+02
-2.168787851964229105e+02
-2.899958185022105113e+02
-4.171752795105384735e+02
-4.347211813560148812e+02
-4.584511721613913551e+02
-4.874440309733708432e+02
-4.492836302939332427e+02
-6.169537837480995677e+02
-3.328707627409967245e+02
-3.989390203508237587e+00
5.097213692752171141e+02
8.105091520135990777e+02
7.378104634768820915e+02
7.502758101138298343e+02
6.657780223997468738e+02
5.678850515009353330e+02
4.689693803003763151e+02
3.120296018589248206e+02
9.230940979931266099e+01
3.544679412179571898e+01
-8.831072663802061129e+01
-6.706900895315426681e+01
-1.959757065959792328e+02
-1.858141020744511422e+02
-1.770434350412006950e+02
-2.860608639541520120e+02
-3.492969200777353649e+02
-4.547848608484617898e+02
-4.763636621214935758e+02
-4.423808917680661921e+02
-5.028552013590345382e+02
-6.342971889713808196e+02
-4.709752719705156210e+02
-1.730680004283475526e+01
3.499955472042445876e+02
6.561364720169902967e+02
6.374574129871544983e+02
6.683641492377900022e+02
5.182265611280778330e+02
4.658314801520928086e+02
3.625243964962073164e+02
2.036603127748769566e+02
1.000927264937457437e+02
4.769363236041549925e+01
-1.036834874479595641e+02
-7.113825331327647916e+01
-1.580939295162824862e+02
-1.029336813571774201e+02
-2.348395205404864043e+02
-2.926030340148431037e+02
-3.074369531917922131e+02
-3.836631618370647061e+02
-3.788249592075860050e+02
-4.973525421558289281e+02
-4.880571718558279599e+02
-5.311153558564648165e+02
-5.764087235362432011e+02
-3.345952017210705094e+02
7.843529405699706558e+01
5.047500619321919544e+02
6.742662006877285421e+02
7.239616673172952233e+02
6.748765713333913254e+02
5.540889231591503403e+02
3.961424916201691531e+02
3.450695515310426345e+02
1.398761717522224330e+02
-1.929371785361762903e+01
-5.387096558012609648e+01
2.014711154687415373e+01
-1.602260958629031506e+02
-1.669927884826510365e+02
-2.567359937720172525e+02
-1.819130027107277101e+02
-3.314213445150658117e+02
-3.405902539547075776e+02
-3.554515268834467179e+02
-4.582341136432560802e+02
-4.891002645149662271e+02
-4.674560885007941238e+02
-5.794529675204680643e+02
-6.123468809949022216e+02
-4.256957691975117655e+02
6.744578323534355491e+01
4.350843330112091962e+02
7.320263212140019959e+02
6.732572779019618565e+02
5.940935030249379452e+02
6.193202513232425872e+02
4.062449057101023868e+02
2.935701858992429720e+02
1.964326197066126554e+02
7.005581080082757239e+01
7.350520604577163830e+00
-2.817079954028212541e+01
-3.553915116766592774e+01
-1.473575983704933492e+02
-2.883097424618380344e+01
-1.023015613370048840e+02
-1.408721226373777995e+02
-2.076955591912600028e+02
-2.768032607977627322e+02
-3.254047787552344175e+02
-4.694940098281725795e+02
-4.339780742938694971e+02
-5.205713924515814597e+02
-6.095958549394234751e+02
-4.195688138200039816e+02
-7.370652649128768985e+01
3.700069715749781381e+02
6.674280450259159352e+02
7.189687862596420018e+02
6.127851882077915207e+02
5.627538147242811419e+02
4.080437405426229134e+02
2.800710395035076772e+02
1.064306349141009065e+02
-4.573992933713689268e+01
-9.825346429006577864e+01
-2.065487495040416661e+02
-1.444543025855843723e+02
-1.813820182615353360e+02
-2.124460787283547916e+02
-2.051576063088537580e+02
-1.522972452041763916e+02
-2.643559257477493247e+02
-2.896593836881971811e+02
-3.103112798106538435e+02
-3.641211693617846663e+02
-5.030295922600375889e+02
-3.777212247781126280e+02
-1.070442757727752081e+01
4.999041143699021745e+02
7.208415852152933212e+02
7.708645112179050329e+02
7.380589500619622640e+02
5.710936964780981953e+02
4.666709473225306510e+02
4.059767402166183388e+02
1.802923101769635821e+02
6.686059924941471877e+01
-5.385203245103983249e+01
-1.666004369542379777e+02
-2.132468658904822121e+02
-1.254313356566461266e+02
-1.092099239674456754e+02
-1.824417228543044871e+02
-1.965053577549761030e+02
-3.587843634310510197e+02
-4.101512029286292318e+02
-3.519185624117861835e+02
-4.942581632838067094e+02
-5.447519445504981377e+02
-5.177049616150330849e+02
-3.794756920459663547e+02
1.279806884376250338e+02
5.753832721310848228e+02
8.316531671496373974e+02
8.148893809846784961e+02
7.104736188818457094e+02
6.247733532477376457e+02
5.474278036277667070e+02
4.508499977062829203e+02
1.973122284622901645e+02
1.025704110605850019e+02
1.773383694146557943e+01
-1.201864872169716847e+02
-1.236925611524850268e+02
-1.320702362572912421e+02
-1.696052472361923549e+02
-1.447540461525514957e+02
-2.299797022037327281e+02
-3.022390919167802963e+02
-4.196038305920224047e+02
-4.270659841919787141e+02
-4.917856392113505422e+02
-5.185289045963172612e+02
-5.202864398897718274e+02
-5.021858619232826300e+02
-5.226142392651640023e+01
3.863518191689931314e+02
6.809626329757707026e+02
7.391528651560702201e+02
7.196191843536535089e+02
6.668416418232923206e+02
5.876810766605977960e+02
4.235204297969356730e+02
2.807236693678007100e+02
8.754262586196317386e+01
9.514665301279940507e-03
-8.088063209506539408e+01
-8.354367863357961710e+01
-7.624235177482925963e+01
-1.231847771220904804e+02
-1.316497683772496430e+02
-2.184069470159321043e+02
-3.040559845614316146e+02
-2.473993614233424978e+02
-3.504155805808611035e+02
-4.240766459621104332e+02
-4.595036208728346310e+02
-4.568727401007914750e+02
-4.675195227128819511e+02
-5.647959025150257730e+02
-1.222157879721582674e+02
3.024538051383563015e+02
6.735993676480013619e+02
7.090473112774936908e+02
7.588488706816833655e+02
6.148709993703989767e+02
5.274760344800027951e+02
2.990067996368867966e+02
3.673539926995388214e+02
1.934516925971991270e+02
8.398000727014255062e+01
-8.119710839216993747e+01
-1.462252865455111532e+02
-1.061432490996217695e+02
-8.384644788587988273e+01
-1.482270958960753546e+02
-2.823483582513734405e+02
-1.549445792237564206e+02
-4.228521423377567885e+02
-4.237548199774440150e+02
-4.232339453382596162e+02
-4.310510237281585546e+02
-5.547058063858763717e+02
-5.119491792316809438e+02
-5.771496792654246519e+02
-4.843806158808404234e+02
-1.302076291322625856e+01
4.934635436510138220e+02
6.557553135050610535e+02
6.425773205914389337e+02
6.605711647938579745e+02
6.325737039086466211e+02
3.953968435805207378e+02
2.762943563021859745e+02
8.319711227340756921e+01
1.053439547163035144e+02
-8.161578503637791471e+01
-6.550928108139987671e+01
-9.864349278561391543e+01
-1.085925264252556843e+02
-2.300703800943550732e+02
-2.750318615603483181e+02
-1.778786009497210898e+02
-1.764597017704846280e+02
-3.532395479911281768e+02
-4.226461651746403163e+02
-4.427443769797107507e+02
-4.742432465624889915e+02
-6.048801511727458546e+02
-6.605681197494079697e+02
-5.125707215609215837e+02
-3.722918576044150996e+01
2.648566317765715326e+02
6.743862357714526752e+02
6.430869741729401312e+02
6.195136305896583053e+02
5.373921416911615552e+02
4.512148646936772707e+02
3.046035689239035378e+02
1.828848136185544604e+02
5.056648075898973360e+01
-1.580710563536334803e+02
-8.176060514862830075e+01
-1.392978169219669837e+02
-1.768258433902661011e+02
-1.314446783306581210e+02
-2.463406176065017235e+02
-2.859545526541066351e+02
-3.232243190166748832e+02
-3.853605028224155831e+02
-3.865816664077912037e+02
-3.973183614974049078e+02
-5.241481108541753429e+02
-5.456064391938509743e+02
-4.012529202501307850e+02
-1.709611899158117012e+02
3.870406797828707681e+02
6.694214256496696862e+02
6.883702381010714362e+02
6.832544113648453958e+02
6.028283899826013794e+02
5.192873128361411545e+02
3.834398449016595123e+02
1.477036173122808123e+02
4.420654841893290410e+01
-7.446256716335902581e+01
-8.049974374544747491e+01
-9.629652002048915449e+01
-1.028029629531240801e+02
-1.929426080883847305e+02
-2.237379885343178216e+02
-2.502436568670676138e+02
-3.177617289436765873e+02
-2.883779538421323423e+02
-4.871511125292983593e+02
-5.841626422904179208e+02
-5.593689847743897872e+02
-6.143230747441114090e+02
-4.542617793115309723e+02
-8.652271936449494660e+01
4.160463375918918700e+02
6.401473467475366306e+02
7.021997125165459011e+02
7.891169234060175768e+02
6.713431444183173653e+02
5.813294657589474355e+02
5.343129215661780336e+02
2.697075376713980859e+02
1.691466979336553607e+02
1.019947665946487518e+02
-6.822855122478108569e+01
-6.449040048989324703e+01
-1.180160599811438402e+02
-2.018949269708258498e+02
-2.336162911359764678e+02
-1.986842592111734973e+02
-2.203624298426356347e+02
-3.099603747995016079e+02
-3.712340090370841494e+02
-4.038208750191845979e+02
-5.458929889187354547e+02
-5.084335642257160544e+02
-5.172600765125353064e+02
-2.341084502388947328e+02
1.284407904956800905e+02
5.774839595093366142e+02
5.877015634764695733e+02
7.548468558271665643e+02
6.393004919193742808e+02
6.020458596978963897e+02
5.349112611526961700e+02
4.726318276667738587e+02
2.098087500892387709e+02
9.002753069083246373e+01
-1.689198948333073957e+01
-2.405257637475241594e+01
-1.405935719145550422e+02
-4.958656785558684277e+01
-2.035399299494608272e+01
-1.726003637621255109e+02
-1.719330508405643059e+02
-2.295818792854436765e+02
-3.369410819800845047e+02
-3.805384001049550875e+02
-4.594715283846742864e+02
-4.409956185636031023e+02
-4.859404286846216792e+02
-5.547156965673764262e+02
-4.461536611120161524e+02
-1.171301969673420302e+02
3.973616058291790409e+02
5.956368857264121743e+02
7.250686673548121917e+02
6.491786886363909161e+02
7.009938255410835382e+02
5.347307332692616910e+02
4.701374119712351103e+02
2.414771125859955134e+02
8.400271075431437851e+01
3.961536154049750991e+01
-4.311907488096329644e+01
4.344324687563081966e+01
-4.203923885724564258e+01
-1.291262013291038784e+02
-1.126511426077307760e+02
-2.141737451766977358e+02
-2.991153521361015351e+02
-3.015318519206418273e+02
-2.883421144863499990e+02
-4.091017963163241120e+02
-4.142715097016323398e+02
-4.566085932822385303e+02
-4.885743714289954482e+02
-5.559801174326304363e+02
-3.424608802753128884e+02
1.235241377197454327e+01
5.399852966519431448e+02
6.994933236739856284e+02
7.099761191665618298e+02
6.195397575152103400e+02
6.146173050162741447e+02
4.295639324102720593e+02
3.527930390756235397e+02
2.384376875141453525e+02
1.052904147835451454e+02
2.625969688159500492e+01
-2.180846823881032392e+01
-8.292181918626623371e+01
-1.891488198889591956e+02
-1.457282738479233046e+02
-2.051315155215773700e+02
-1.862500223772784693e+02
-2.500757027832553661e+02
-3.453479059829469975e+02
-3.997011311874528587e+02
-4.901516354511843474e+02
-4.920587636721541003e+02
-5.598673336511263869e+02
-5.853350321328399559e+02
-6.114789046918654094e+02
-3.391295372827448205e+02
1.089989624329326290e+02
5.207912118936416164e+02
6.833253181024942933e+02
6.586917186845654442e+02
5.416627576730733153e+02
4.790395061449045784e+02
3.555959237888787356e+02
2.330365131448376701e+02
2.029109830871796021e+02
-1.472790025434270333e+01
-1.265113549471320198e+02
-9.026861437153027623e+01
-9.256185124896425975e+01
-4.887295038454963958e+01
-1.295753361921529461e+02
-1.542035822765208195e+02
-1.680814411155513710e+02
-2.351719785264671145e+02
-1.880729813771295085e+02
-4.153345758909248957e+02
-3.884430245807337201e+02
-4.383167041532866506e+02
-4.815253320597959146e+02
-5.423752925535060285e+02
-5.048045104841467605e+02
-2.660855537251555347e+02
1.971470775122596422e+02
5.500294459410762329e+02
6.664027127177851071e+02
7.441100816080787581e+02
5.939822130692941755e+02
4.236627511265377279e+02
3.188765623828720663e+02
1.296516815942374308e+02
1.618377875281103329e+01
-5.243578573065359194e+01
-1.522215330404528686e+02
-1.233098183813975055e+02
-1.277497647605950419e+02
-2.653041309925146152e+02
-2.397310433941600536e+02
-1.600043189497536957e+02
-1.974057581165264708e+02
-3.059020250658354030e+02
-3.232016237299995964e+02
-3.963698399900728759e+02
-5.285612635941350845e+02
-4.581465211921043306e+02
-3.370504309326639145e+02
2.424223897921654114e+01
4.452081001744721220e+02
6.695508234764386089e+02
7.422209319572460799e+02
6.422096163790264427e+02
6.247868536150008367e+02
5.131039332575073786e+02
3.234572321204026366e+02
1.184699541564262404e+02
8.311331038448788178e+00
-3.951930682790496263e+01
-1.500320407814302541e+02
-1.776864661834878518e+02
-2.853563901653778316e+02
-2.754733580369922379e+02
-2.965866750464225561e+02
-2.982482890759621910e+02
-3.159923312355919052e+02
-3.580224113021121184e+02
-4.378229945776386671e+02
-4.544330134890540762e+02
-4.998024372747070743e+02
-6.599899798252025676e+02
-4.481064819816126032e+02
-1.985229701458563412e+01
4.998030953700717305e+02
7.498649235082226596e+02
7.944082006022482574e+02
7.484359546448523588e+02
7.083241660362665471e+02
5.817524056795248271e+02
4.811177807086846201e+02
2.020140329476091949e+02
1.481322601109897903e+02
-1.585616243948311777e+01
-5.322346182748800913e+01
-1.246749207136277278e+02
-1.678244139525900209e+02
-1.559014598291769005e+02
-2.259951837980713094e+02
-1.842881376552001313e+02
-2.504006584813621998e+02
-3.949890925952886391e+02
-3.122945211028861650e+02
-4.408937903087626182e+02
-4.006292187563440166e+02
-4.822541286333791390e+02
-4.785847106774241411e+02
-3.001488971240419232e+02
2.450939610711154728e+02
5.766401535051071505e+02
6.893375789868453012e+02
7.935971308145199146e+02
6.519882504690788210e+02
6.131876752669846837e+02
4.765058887224934665e+02
4.082787442479367428e+02
2.771183237982214678e+02
1.149542362499861810e+02
-3.059018620067539729e+01
-9.355651271109938705e+01
-1.441419418810997115e+02
-9.185934607923176998e+01
-1.102825554021310808e+02
-2.174093588231909564e+02
-1.826618265651658817e+02
-3.697059501885552777e+02
-3.760798075169176968e+02
-3.795664120213061210e+02
-4.242406631708300893e+02
-4.439001621570914722e+02
-5.101519836445943383e+02
-4.794663735820902843e+02
-1.772220659973563386e+02
2.005187852158476005e+02
5.545038876511252965e+02
6.776991548826264307e+02
7.778948475009518688e+02
7.084604776909062593e+02
6.652780304389623325e+02
4.427968270098302241e+02
2.634569047738565359e+02
2.115401671277794833e+02
6.290474522785095246e+01
2.121851850775337311e+01
-2.795009832389260751e+01
-3.272160735428636258e+01
-7.132173960367948951e+01
-4.598861053588571934e+01
-1.462850930363212285e+02
-2.103918835311616533e+02
-2.170317384051370482e+02
-3.497304959146920851e+02
-3.437340742596288692e+02
-4.244440020909511304e+02
-4.684963403742405035e+02
-4.923579842488383633e+02
-5.139010677674532417e+02
-5.472161803928164545e+02
-2.950013177299750282e+02
1.551646760744860956e+02
4.903698977322745804e+02
7.600839518852164929e+02
6.250696780031710205e+02
6.671079076990353087e+02
5.606588306781551410e+02
4.302869110637113863e+02
2.726040701917239062e+02
2.115294462413584711e+02
1.606119220105435090e+02
-6.400018513565338196e+01
-3.877187317520777299e+01
7.976679071993349801e+00
2.820913835465491815e+01
-8.498716395135886614e+01
-5.050753211700369860e+01
-1.208607361397106104e+02
-1.606265462453516761e+02
-1.958026867766319867e+02
-2.215153958390339426e+02
-3.884700340760174981e+02
-4.179552084329191644e+02
-4.342625553511091425e+02
-3.917586937912327585e+02
-4.469399304931927190e+02
-5.168480478388720485e+02
-3.699755689184155472e+02
9.009941777322468681e+01
5.313072347083572140e+02
7.545659900664446695e+02
8.061581311585963476e+02
6.497932245082573672e+02
4.974838349808532030e+02
3.154844467272468478e+02
1.943452626012609414e+02
4.573886897932826656e+01
-1.013400979489101985e+02
-2.031717759241185490e+02
-1.325707777810590642e+02
-1.370529773067324015e+02
-2.560836377066792693e+02
-2.325063089942351837e+02
-2.535307656007149433e+02
-2.763072489233779834e+02
-2.658731714799266683e+02
-3.717620887481649561e+02
-4.009283086381072394e+02
-4.665020520466126754e+02
-4.841369662681526620e+02
-6.191624674896120268e+02
-2.950538051564687976e+02
1.343406042490328502e+02
4.992585775227364024e+02
7.054454439160373340e+02
6.871282437266805800e+02
6.835009623616720091e+02
5.797618543997064080e+02
4.898487135399044519e+02
3.342454776674188679e+02
1.263628038928774089e+02
-7.106758216814982632e+01
-4.095573007569098678e+01
-2.325617934493139103e+02
-9.735001691543394031e+01
-2.262646817533716330e+02
-1.298066313118428070e+02
-2.024883579582796642e+02
-2.684742589228760608e+02
-2.431142918333726470e+02
-4.520577262430809924e+02
-4.469958313482379708e+02
-4.999234589352546436e+02
-4.919364776426847357e+02
-5.685721011656507926e+02
-5.932498366690405192e+02
-5.439026530227370131e+02
-1.734573358137490970e+02
3.045897759926275512e+02
6.753703340601252876e+02
7.184268396351931187e+02
7.888434916055931581e+02
7.592051765443623026e+02
6.228410146307019204e+02
4.562399720545423634e+02
4.040566829984222750e+02
1.079410704378839085e+02
5.706985230127317621e+00
-1.459189461787677367e+01
-6.999064316957318965e+01
-9.005130358101747845e+01
-7.952125614499232142e+01
-8.630779304891157722e+01
-2.024172034606158661e+02
-2.466450361509088225e+02
-2.654336501159137924e+02
-2.969469314932416069e+02
-3.434975357421248532e+02
-3.401104927466735717e+02
-2.999673907579607999e+02
-5.163141288710306753e+02
-5.364159376264287857e+02
-5.492959245521218463e+02
-2.206917543170769420e+02
1.457984010576553544e+02
5.804873819729460820e+02
6.924616205501476998e+02
6.911279535753649270e+02
7.189146370387403522e+02
6.303174411192295565e+02
4.775100980469005663e+02
3.558736570932019276e+02
2.143777496975622512e+02
1.274034177116974007e+02
-9.363880675519276053e+01
-8.067191311449228408e+01
-1.008867309478377479e+02
-1.014365016608563934e+02
-3.739719510806830272e+01
-9.610913795521288705e+01
-1.658869347250023054e+02
-2.554667909491518003e+02
-2.062181345484706014e+02
-3.231524858263999249e+02
-3.091890418024240716e+02
-4.132724174323275292e+02
-4.555347537180141444e+02
-5.031588150308709828e+02
-5.078288254253340597e+02
-3.064844359357487065e+02
1.489355400751216223e+02
5.108859295366948459e+02
7.549250169661070231e+02
8.370528909747526995e+02
7.180531114356929265e+02
5.827216923064095226e+02
5.413596157813739183e+02
3.722111754921378406e+02
1.979100160384517721e+02
6.893128410987419841e+01
-1.951834675739481995e+01
-4.999095408964920040e+01
-9.216122892462858829e+01
-6.880368071125393215e+01
-8.672765313543797561e+01
-1.022214517705034069e+02
-2.122155636843752973e+02
-2.783377144147834201e+02
-3.262158773821076920e+02
-3.191708088550757338e+02
-3.525701490695298617e+02
-4.355704856242679170e+02
-4.066617734250360172e+02
-5.032954446651169178e+02
-4.547106364628515962e+02
-3.389879641922819928e+02
1.381295899731478016e+02
5.525734350836115709e+02
7.351319103521897205e+02
7.175157989745767964e+02
6.107125729936850576e+02
6.358307309449959348e+02
3.870858859844852304e+02
4.087547503989512734e+02
2.013132941413306582e+02
1.344904056594929500e+02
4.286874723890398542e+01
-2.026437908526478981e+00
-2.899188864286445266e+01
-6.616798656659908318e+01
-4.553279389656950826e+01
-8.297509850356401273e+01
-1.096306462213058950e+02
-1.330893334900656555e+02
-2.194774452769621007e+02
-2.989385479081434482e+02
-1.897690918328485452e+02
-3.896949446934896173e+02
-3.715048761509379460e+02
-4.318517562067683571e+02
-5.566467398552439363e+02
-5.166559041406711685e+02
-1.878627854276479354e+02
2.742491068055126107e+02
5.775714300617015624e+02
7.531241740917301968e+02
6.448964606863663676e+02
6.754334855763187306e+02
3.981765345568552448e+02
2.957991495602654481e+02
2.367098616582479735e+02
-2.292045583837442280e+01
-7.514969684516715631e+01
-1.762574142057261781e+02
-2.122205516019090794e+02
-1.900856493632820730e+02
-2.270205124009708584e+02
-1.769644920313041609e+02
-2.793810447620897435e+02
-2.793355851256351343e+02
-2.813228235706573059e+02
-3.258484870022170412e+02
-3.854890638861675143e+02
-5.119179131406290253e+02
-5.303804726556635387e+02
-4.318080168995197710e+02
-7.545544455290107067e+01
4.010459403740140942e+02
5.939921630116184588e+02
7.285320807006344239e+02
6.446420830398850512e+02
6.067726371707582302e+02
4.282644791118138414e+02
4.026421462140309586e+02
2.012623206909915154e+02
-4.056037992968205685e+01
-8.431841533730833760e+01
-1.714663548323410112e+02
-2.228496395032529733e+02
-2.270354264660613524e+02
-1.319470095744487423e+02
-2.989184973790409572e+02
-2.390094813712620692e+02
-3.801956167524780312e+02
-4.487328535302548289e+02
-4.865490486495106097e+02
-4.703143337406238516e+02
-4.730300316257117288e+02
-5.772102494911014219e+02
-6.413271728069294113e+02
-3.719295989887522751e+02
1.284938286484509717e+02
4.933502403764318274e+02
6.717806692141579106e+02
7.790259149379804740e+02
6.566023600682447068e+02
6.131048029608886054e+02
4.425155452138009764e+02
3.051538264374296432e+02
1.852455850194033928e+02
6.718415074755630201e+01
-8.540745798057317018e+01
-1.552267099698121342e+02
-1.175915615990479068e+02
-7.858515828078468246e+01
-1.281514675714509508e+02
-1.706886454166251212e+02
-3.697653950511181051e+02
-3.251681712905628956e+02
-3.554857611010471601e+02
-3.986725857012669394e+02
-5.075538155517840551e+02
-5.153720889699472991e+02
-5.599275332715683362e+02
-5.608518474842560408e+02
-4.380640640008200535e+02
5.938801609456621122e+01
3.623670089537118315e+02
7.541381363903161628e+02
8.078224011244108169e+02
6.459601918878298648e+02
6.027157530628776385e+02
5.549097236325561653e+02
4.554698304406102238e+02
2.913293897407230588e+02
1.205065774471548679e+02
-4.687611887009857270e+01
-5.569768224722972860e+01
-2.187001617300343810e+02
-1.722557841222947843e+02
-1.126112545605124353e+02
-2.161416444850396203e+02
-1.832735126665941721e+02
-2.170827390461599578e+02
-2.440770332449484101e+02
-3.640683068770313184e+02
-3.701763878435284028e+02
-4.281959857386299291e+02
-4.618430281090884364e+02
-4.514860458552762452e+02
-4.287905404440157895e+02
-2.814466872785633313e+02
2.041561573750292382e+02
6.437742718172028162e+02
7.603355924755177284e+02
8.100272042079861876e+02
6.949886440716121569e+02
5.631233384289472497e+02
4.295713584405328334e+02
3.283828334798486708e+02
1.366579128397631848e+02
3.302410015046556424e+01
-7.773335039675183111e+01
-8.913088762676454735e+01
-6.127328216586357712e+01
-1.138813655323299798e+02
-8.797245150696316784e+01
-1.689951399204740028e+02
-2.473197301953717329e+02
-2.760767879020739883e+02
-3.355170057071453016e+02
-3.676698268089345447e+02
-4.868599618145731256e+02
-4.906859805407973454e+02
-5.231740629259091975e+02
-6.088635214123712558e+02
-3.472337184063657674e+02
1.459350425876259862e+02
5.015184914037578778e+02
6.400313144167564587e+02
7.348764832749905054e+02
7.133319580239445941e+02
6.586987407323765638e+02
4.762002149395761421e+02
3.998673214041016877e+02
2.804640455050850392e+02
1.224884060139747817e+02
8.223525148421792608e+01
-5.452188328635245540e+01
1.484346366312924381e+01
-2.308797899020481736e+01
-7.346657498428588440e+01
-7.317182563500230685e+01
-1.472143359277761476e+02
-1.538829357678399390e+02
-2.900568189597788091e+02
-2.803940323738485176e+02
-3.207016883859269001e+02
-3.966295927091522344e+02
-4.611034264965587681e+02
-5.148069922107785032e+02
-5.571346254746633804e+02
-3.283977583152347393e+02
1.734663956902853954e+02
5.463999589616701087e+02
6.458637312590853981e+02
7.520009886756760125e+02
6.093525072526844042e+02
5.231831551959506896e+02
3.088795836953273692e+02
2.517091348978493670e+02
5.935664373338110522e+01
-4.174220563680184881e+01
-1.524198996983874679e+02
-1.885448709695720027e+02
-2.387049170639293720e+02
-1.595675841882859629e+02
-1.327474993291855867e+02
-1.616305825367622617e+02
-2.063277512690322339e+02
-2.931653332564856669e+02
-3.057220992172643719e+02
-3.441081019648193546e+02
-4.093117914235044168e+02
-5.476846151496915809e+02
-1.965611783757512114e+02
2.173454229082266522e+02
5.605350981287292598e+02
7.049390398567422835e+02
7.666664664849446353e+02
6.696920660952844173e+02
6.128634715354664877e+02
5.081505895162263187e+02
3.096802905115363274e+02
1.506626454326377882e+02
-1.090328450702702554e+02
-1.773638654159417456e+02
-1.988814687058748802e+02
-2.226293259572258876e+02
-2.412364693599161285e+02
-3.064713843839415972e+02
-2.696512297693856226e+02
-3.183572282277734189e+02
-3.881783685519117739e+02
-4.603518245138420184e+02
-5.084621373173156940e+02
-4.590921009415201866e+02
-5.559845859569920776e+02
-6.372044020233561241e+02
-5.362019960435135317e+02
-4.362222726451512500e+01
4.117371756660014057e+02
7.430733320546924006e+02
7.277548630577873610e+02
6.970399840329932886e+02
6.082562808073145106e+02
4.895872260797386843e+02
3.009761801246631876e+02
2.179392956955892657e+02
1.787695830466862290e+01
5.739971760366720588e+01
-1.267676012363191518e+02
-1.359928214391343317e+02
-1.223378885264439475e+02
-1.539033884601878981e+02
-1.942013216496322627e+02
-2.213853375449972134e+02
-2.795902602890371895e+02
-3.045729671344947178e+02
-3.969673798029408545e+02
-4.379636399920677832e+02
-5.578006614952361133e+02
-5.381731808832696515e+02
-5.348864090319852949e+02
-5.969379519003182395e+02
-3.539677949759809508e+02
3.995694209739144043e+01
5.020489749232377221e+02
6.618763350183662624e+02
7.387493327675670116e+02
7.224265381014710101e+02
5.741993299359820639e+02
4.962629669960511478e+02
2.624129471657130921e+02
2.149446431561172801e+02
3.437145830575892091e+01
-2.589734849048809551e+01
-6.887680638894177321e+01
-8.559885956762742865e+01
-7.351772437098874491e+01
-1.398294987400244338e+02
-2.353487068536973652e+02
-1.695885440697341267e+02
-1.828811625218158099e+02
-3.249254854730829720e+02
-3.448960905863354469e+02
-4.940201326706826421e+02
-4.807857115630309863e+02
-4.500099488875566180e+02
-4.967505084494544008e+02
-5.428443095979067721e+02
-4.805530166151796720e+02
-9.286662728187292259e+01
4.377114442642790095e+02
6.648890635549281569e+02
7.161249186162052638e+02
6.408719056594908352e+02
5.892940625785294060e+02
4.766829589559613396e+02
4.043221348158413093e+02
2.722834909230387552e+02
1.518390036740310620e+02
-1.112808184423781341e+02
-6.482607163851550069e+01
-3.581579205011095013e+01
-1.625231261947369603e+02
-4.412517637644954505e+01
-1.803096347613178523e+02
-9.639387711161343475e+01
-1.809116011186282265e+02
-2.043571415348006042e+02
-2.882050873996785754e+02
-3.973586151884750279e+02
-3.955493071101377609e+02
-3.542152109619188991e+02
-5.086435424136617485e+02
-5.518684592198541168e+02
-5.607286450116288279e+02
-2.770020078747348862e+02
7.172483769579557134e+01
4.757735835304030729e+02
7.775671882081200010e+02
7.714252312004546184e+02
6.955482621284896823e+02
6.630152748059699661e+02
4.032845370584021794e+02
3.783505329955140724e+02
1.513367940995553624e+02
1.032135163165148555e+02
5.058660503270508002e+01
3.059490445689217353e+01
9.905232998885126960e+01
-3.629687074263927826e+01
-6.645675191659974246e+01
-1.167320697964592711e+02
-1.299602138356846410e+02
-1.593939477097339079e+02
-2.849818451149552061e+02
-1.949355246039063729e+02
-2.873910389946835835e+02
-3.846861948851813509e+02
-3.609931397390085976e+02
-4.183382714822212733e+02
-4.111375297231331274e+02
-3.835019460030299001e+02
1.077327647919674689e+02
4.642253566603633317e+02
6.194548479538323136e+02
7.358070833618188544e+02
6.778288465419602744e+02
5.336045735171608158e+02
3.480125674615653111e+02
3.461120381036654408e+02
9.179408215686629546e+01
2.687300034548391636e+01
-8.769202921645275239e+01
-7.276749285642355858e+01
-1.522850140063912647e+02
-1.009560203555542017e+02
-1.887864166534951096e+02
-1.314154453376540630e+02
-1.755468050527271657e+02
-2.503687668731228939e+02
-3.386464820961337523e+02
-3.093352050508469233e+02
-4.334094230216762753e+02
-4.734789276896859747e+02
-3.822299933791680928e+02
-1.404627219536183702e+02
3.219855601206552933e+02
6.491337154200574560e+02
7.684354281868362477e+02
7.445377043935282018e+02
5.924551234710703511e+02
4.940833334775978756e+02
4.401307031911595118e+02
2.392538531760322371e+02
7.565265767806079111e+01
-1.084226825322598131e+02
-1.488152033978485349e+02
-1.025932613950188426e+02
-1.699311271599261204e+02
-1.412628086566103889e+02
-2.791555157722834224e+02
-2.404110890991134681e+02
-3.152373919721525795e+02
-2.937911166853304508e+02
-4.315934976572083315e+02
-5.866366599528802226e+02
-4.709249645094841981e+02
-6.302397043219897341e+02
-6.019344584285530573e+02
-2.226350192334487872e+02
2.627490420825399724e+02
7.430072781352253060e+02
7.296332773429651297e+02
7.246428343015238625e+02
7.575011999445130186e+02
5.928349986718781111e+02
4.620877378066949177e+02
2.734948761581080703e+02
1.761142735883038313e+02
-4.600674524422610823e+00
-1.182320262569414098e+02
-1.398288304308008492e+02
-1.160489247514994702e+02
-1.491531869727834589e+02
-2.462286182332474027e+02
-2.441104865916318545e+02
-2.799232815449524310e+02
-3.364581467476253351e+02
-3.235662064858555595e+02
-4.461958676868147791e+02
-4.599860694168318673e+02
-5.204367781521366396e+02
-6.531154080665515949e+02
-5.532648354216778444e+02
-1.787794977696776186e+02
1.717465961171864990e+02
5.576985953056828293e+02
6.277847368654180400e+02
6.547285640081822748e+02
6.243307074977126376e+02
5.232058772853895334e+02
4.243271259933990791e+02
2.925027594294112987e+02
1.742262310582050873e+02
-2.052066178584899703e+01
-9.815166654736377438e+01
-1.151282825162757035e+02
-1.442111015803767202e+02
-1.539380571143684904e+02
-1.632268020244199533e+02
-2.301763225547745151e+02
-2.398358099364585314e+02
-3.677366139406750563e+02
-2.827410654637050698e+02
-4.221879188689217131e+02
-4.749075700405060729e+02
-5.140837617941066355e+02
-4.204026390184979505e+02
-5.509554144408613183e+02
-3.715756563386813696e+02
7.455571461998931682e+01
4.080817580715769282e+02
6.645414102829407739e+02
7.710714349953706233e+02
6.569921978202479522e+02
5.520132169186673536e+02
4.569627906894595526e+02
3.811289435856574528e+02
2.153821738435732129e+02
1.275715650047228245e+01
-1.180969883331562755e+02
-9.769281404284794235e+01
-9.201156335876697767e+01
-1.394823059836634229e+02
-9.013285958836662815e+01
-2.240946090729756293e+02
-2.357468193742331835e+02
-2.627050177662779902e+02
-3.507899403385914638e+02
-3.532683584260987573e+02
-3.674328867466724660e+02
-4.622763036903001534e+02
-4.385587468101670652e+02
-6.132158475151303492e+02
-5.120921395934836937e+02
-1.642942043804803234e+02
2.734720785849604567e+02
6.308921119472706778e+02
7.091599618347999012e+02
6.742721236212784106e+02
5.789607085008520926e+02
5.787898426074691542e+02
3.777790115747745290e+02
2.542393478805506675e+02
2.126646172846928380e+02
3.119518675650742523e+01
-8.541381958353876769e+01
-1.032413292599979115e+02
-3.152741938925952780e+01
-1.461521144277451469e+02
-8.954828261829852920e+01
-9.108893901808740168e+01
-2.111468187579969253e+02
-1.924207213643595935e+02
-2.453245666710404578e+02
-3.302747983635953233e+02
-3.359797621785789374e+02
-4.241261002533507849e+02
-4.595826109277696787e+02
-5.044996715987045945e+02
-4.266257781454518181e+02
1.080216978661734970e+02
5.029652741920305630e+02
6.179119433584248782e+02
7.017227547865137467e+02
6.496831367398677912e+02
5.571350120661422807e+02
4.119849213272566999e+02
2.977294226608141798e+02
7.765898566438418982e+01
2.593160772613354936e+01
-1.311966906410138449e+02
-1.763574060470378981e+02
-1.507943470595090218e+02
-1.828920042124835277e+02
-2.049027782142247816e+02
-1.394599247762362779e+02
-1.514413818633456970e+02
-1.773909695843862266e+02
-3.782157778210166725e+02
-2.426241517743265490e+02
-3.539630721738211605e+02
-4.120158272209691290e+02
-3.703630965674410049e+02
1.398630663372937306e+02
6.277579944411686483e+02
7.696457926389646218e+02
7.879595630240191895e+02
6.768402596841931427e+02
5.848611844069348535e+02
5.881786997898710752e+02
3.796137445694996586e+02
2.001896555561144453e+02
4.603061406639418607e+01
-1.349007794442386228e+02
-1.891842674264105995e+02
-1.850016195337751412e+02
-2.123112663833659894e+02
-2.763633651075708144e+02
-2.812374717222068625e+02
-3.522978394981275869e+02
-3.916491698192378408e+02
-4.388565463401725424e+02
-4.611386694060517470e+02
-4.714579286397309374e+02
-5.625852730050942228e+02
-5.323673227601999542e+02
-2.732305578194403779e+02
1.650120552445541477e+02
6.323016635733076782e+02
7.306292545330142048e+02
7.612062354824815884e+02
7.454096082339377745e+02
6.283174794652895798e+02
4.249648991155366389e+02
3.692743612884327149e+02
2.034607857094094641e+02
6.007444461171111527e+00
-4.552484182055817286e+01
-1.103973161334295838e+02
-1.159868180566356273e+02
-1.110310763947479700e+02
-1.656509870485406566e+02
-1.660253407439598732e+02
-2.995233081762666529e+02
-3.418997095133360062e+02
-3.779853236712474427e+02
-4.176856808721602192e+02
-4.867916748232344730e+02
-5.251774579156419804e+02
-5.604052343361131534e+02
-4.629717875343877154e+02
-8.172074294129708960e+01
2.666871218516421322e+02
5.509963813311279637e+02
6.313527977669378970e+02
7.214693925011890769e+02
6.748761938441009534e+02
4.964629089030617024e+02
4.462940528357766539e+02
2.410342145160333018e+02
5.842917057979583717e+01
-4.200545761775310183e+01
-6.319477669270775522e+01
-9.759961018653429221e+01
-1.569118227536837935e+02
-2.100857810537181649e+02
-2.116489620458075365e+02
-2.341707519117234142e+02
-2.794438557323928194e+02
-2.790307798872065064e+02
-4.769093531895442766e+02
-3.491073862628471147e+02
-4.050503165923101960e+02
-4.434025907845028200e+02
-5.237324135514569434e+02
-5.129872773507920556e+02
-3.819021528090974584e+02
6.544147664937496245e+01
5.781982095405331847e+02
6.482445339273865557e+02
7.371307998048916943e+02
6.581934926069658331e+02
5.603628387979076706e+02
4.549042245233130757e+02
3.154064593622592270e+02
1.610883601073057037e+02
6.021065626179039754e+01
-7.676050350381650844e+01
-9.058293832139099777e+01
-9.748723320821837035e+01
-1.836190137264776752e+02
-1.943639145717289978e+02
-1.723029567605648822e+02
-2.878166079788101115e+02
-3.219817504639673871e+02
-3.969352430650793622e+02
-3.495226704291903275e+02
-4.829396410481331259e+02
-4.860217716747396821e+02
-6.471365928207810612e+02
-6.338540581651956245e+02
-3.875174446813489908e+02
-1.612278271297188894e+02
2.910017266766042212e+02
5.971882880354581857e+02
6.295801740453935054e+02
5.970673741097368747e+02
5.320488659261748126e+02
4.919918230469591549e+02
3.153725397618953821e+02
1.926787338667391225e+02
8.228576702904759088e+01
-3.678708815921469011e+01
-9.338584420431119781e+01
-1.180176694563661925e+02
-4.506898934192024342e+01
-7.183339842347412230e+01
-1.394755129479466973e+02
-2.420704338526078345e+02
-2.799664151875300035e+02
-2.370352532152427329e+02
-3.894935162243988884e+02
-3.739796548216115752e+02
-4.622214917840218504e+02
-5.124183438992462243e+02
-5.253611097335663089e+02
-4.849373251145702852e+02
-2.629624524308393916e+02
2.979218583890966556e+02
4.427401066842233490e+02
6.580726566431818583e+02
6.606571868249546924e+02
5.798369409982959723e+02
4.549027557420593553e+02
3.137236565535109776e+02
1.319751497378181284e+02
-1.380672511826098514e+00
-2.625092918251237961e+01
-1.319529153237112666e+02
-1.780035519265276776e+02
-1.755445144436085911e+02
-1.849686588356848631e+02
-2.177118853728844954e+02
-1.934705760292479511e+02
-2.107320160528737176e+02
-3.512696889509601874e+02
-2.970287634288937397e+02
-4.455635451250035999e+02
-5.691368223974727698e+02
-6.062971696884251287e+02
-2.242869878178445902e+02
2.715021790481171706e+02
6.059675913708862254e+02
7.170734905201363745e+02
6.935902363480761323e+02
6.436096088482165669e+02
5.439710495326331738e+02
4.106100939601994924e+02
2.919855818371644887e+02
1.220368809446893579e+02
-1.076241340296004410e+02
-9.859731409326229823e+01
-1.185672295603871902e+02
-1.365702288177761545e+02
-1.690068791376514810e+02
-2.404759419871810735e+02
-2.595531314702360532e+02
-2.633000398992505779e+02
-4.134290304083446586e+02
-4.581480814602559803e+02
-5.311630345371737576e+02
-5.329007541660448624e+02
-6.244017149221467662e+02
-5.131805904492155150e+02
